0 0.137585
2 0.531562
3 0.939697
4 1.508222
5 2.242701
6 3.180124
7 4.375690
8 5.627409
9 6.913406
10 8.766819
11 10.744099
12 12.512684
13 14.665404
14 16.539709
15 20.087769
16 24.639962
17 24.573157
18 27.520900
19 30.892364
20 31.455870
21 32.354025
22 33.330803
23 44.035874
24 42.936765
25 41.390093
26 44.829493
27 49.111742
28 59.839243
29 48.624754
30 72.907121
31 65.929231
32 73.985294
33 72.207283
34 75.168831
35 83.067729
36 101.103448
37 74.753769
38 57.480315
39 92.055556
40 111.689076
41 99.940171
42 106.991453
43 122.565657
44 120.344444
45 109.820000
46 136.148515
47 125.903226
48 138.769231
49 148.094595
50 156.337662
51 153.560606
52 143.383562
53 155.857143
54 132.991597
55 176.019231
56 197.906977
57 175.306452
58 186.727273
59 187.631579
60 183.972222
61 205.326087
62 226.226415
63 239.161290
64 302.600000
65 183.194444
66 207.133333
67 213.733333
68 257.028571
69 225.791667
70 361.562500
71 291.571429
72 274.818182
73 318.464286
74 165.095238
75 424.187500
76 596.394737
77 166.809524
78 291.571429
79 391.083333
80 388.625000
81 261.700000
82 560.200000
83 278.071429
84 273.222222
85 527.052632
86 203.800000
87 251.454545
88 221.600000
89 199.181818
90 325.500000
91 463.214286
92 464.461538
93 392.923077
94 337.833333
95 295.636364
96 630.400000
97 296.166667
98 190.636364
99 504.750000
100 230.428571
101 460.200000
102 550.000000
103 417.349112
