0 8.553733
2 18.542187
3 23.566072
4 30.360035
5 38.856761
6 49.077596
7 62.153380
8 77.058510
9 87.003403
10 106.111510
11 126.209545
12 141.118380
13 152.206925
14 163.016545
15 208.223080
16 230.332380
17 222.356567
18 247.198714
19 258.501818
20 272.648672
21 250.485936
22 261.497831
23 319.438341
24 291.352941
25 299.382353
26 270.491551
27 338.793561
28 374.806147
29 280.569745
30 389.795666
31 458.040000
32 450.761029
33 384.644258
34 415.909091
35 428.075697
36 475.935961
37 401.025126
38 273.952756
39 436.141414
40 575.831933
41 565.923077
42 560.709402
43 596.606061
44 503.788889
45 486.950000
46 611.237624
47 520.537634
48 616.186813
49 559.905405
50 616.727273
51 600.484848
52 653.383562
53 618.698413
54 538.571429
55 613.538462
56 604.348837
57 715.290323
58 658.295455
59 703.894737
60 785.166667
61 597.760870
62 663.339623
63 815.870968
64 879.966667
65 638.611111
66 729.666667
67 933.533333
68 655.342857
69 1127.666667
70 978.875000
71 755.714286
72 696.045455
73 763.750000
74 544.285714
75 752.406250
76 1140.223684
77 522.714286
78 1094.142857
79 899.250000
80 963.250000
81 1030.300000
82 1329.400000
83 850.285714
84 752.222222
85 1289.842105
86 742.333333
87 956.818182
88 645.200000
89 825.454545
90 747.000000
91 929.071429
92 1662.307692
93 798.846154
94 1094.000000
95 1157.090909
96 2286.400000
97 910.250000
98 904.090909
99 1064.500000
100 944.571429
101 741.400000
102 867.666667
103 1067.964497
