0 11.398154
1 21.555848
2 24.194954
3 24.466168
4 26.529723
5 28.649893
6 27.742521
7 30.607443
8 30.769255
9 31.533467
10 31.416808
11 33.165694
12 34.037823
13 34.798514
14 34.853389
15 37.912337
16 37.035918
17 40.941950
18 38.409534
19 40.200901
20 39.391327
21 38.370615
22 43.702959
23 44.367633
24 45.158560
25 44.238747
26 45.788615
27 46.458487
28 46.918686
29 47.504725
30 49.216361
31 50.047891
32 52.554418
33 48.710512
34 52.018757
35 52.109804
36 56.223731
37 50.848939
38 54.538415
39 51.558286
40 57.140658
41 55.235377
42 54.204294
43 54.562215
44 54.248471
45 59.658842
46 58.284779
47 61.740260
48 59.155668
49 63.799800
50 58.137218
51 60.043442
52 66.915334
53 60.298315
54 64.270526
55 66.692946
56 66.629291
57 64.808878
58 58.753829
59 60.491841
60 56.686254
61 64.049279
62 69.946970
63 77.467742
64 68.648396
65 62.669444
66 68.545455
67 67.482405
68 70.879643
69 71.112462
70 76.618629
71 80.142857
72 74.749553
73 79.783451
74 79.046181
75 78.338652
76 60.103448
77 82.821942
78 76.762832
79 85.088843
80 86.559719
81 85.374753
82 89.158590
83 90.780000
84 80.942731
85 71.419958
86 84.865772
87 72.885584
88 90.926829
89 86.227586
90 87.795511
91 105.873762
92 81.167500
93 87.569740
94 95.812325
95 92.309711
96 85.985380
97 93.212534
98 95.251462
99 82.592405
100 90.568475
101 104.059801
102 103.993827
103 112.664032
104 61.923434
105 112.848375
106 110.832753
107 103.143813
108 103.534884
109 112.960317
110 86.873377
111 113.250000
112 92.654804
113 108.886364
114 97.088525
115 115.383142
116 109.532819
117 96.017094
118 97.950570
119 102.014634
120 110.971429
121 98.208835
122 79.259259
123 97.631356
124 111.230769
125 93.498168
126 101.389892
127 103.589354
128 114.181818
129 99.293478
130 69.301115
131 94.974026
132 75.132231
133 89.152091
134 84.013158
135 149.286585
136 86.500000
137 63.121094
138 106.277778
139 102.188940
140 127.167382
141 109.732240
142 90.255319
143 134.283333
144 123.281690
145 149.032680
146 113.204082
147 151.666667
148 116.187879
149 129.647059
150 120.273810
151 92.714286
152 95.635000
153 63.757246
154 139.993151
155 132.038961
156 141.450331
157 99.197479
158 118.936842
159 108.280822
160 87.725225
161 135.666667
162 141.945578
163 123.680473
164 126.884615
165 122.920863
166 147.694805
167 104.363636
168 122.082803
169 99.965174
170 119.215686
171 111.474820
172 115.293814
173 100.481328
174 116.866197
175 121.222222
176 95.024793
177 135.622642
178 126.779412
179 109.013158
180 154.378641
181 127.229508
182 143.450450
183 115.070707
184 198.367347
185 102.535088
186 88.855263
187 105.382114
188 144.519084
189 154.416667
190 109.166667
191 119.780702
192 128.011236
193 116.324074
194 114.783784
195 121.115385
196 146.434343
197 147.136364
198 111.106061
199 127.434783
200 197.641304
201 150.595588
202 139.802083
203 117.460177
204 107.068702
205 121.000000
206 147.980198
207 149.697248
208 163.240385
209 133.635514
210 174.632653
211 163.968750
212 189.096774
213 141.768293
214 107.488000
215 78.272727
216 123.508475
217 158.846939
218 120.626506
219 156.904762
220 195.108434
221 211.430556
222 124.478261
223 173.802083
224 146.552381
225 87.083832
226 127.405063
227 189.542169
228 156.750000
229 158.150000
230 136.552083
231 67.735484
232 154.080460
233 136.741379
234 182.776596
235 95.282828
236 156.891304
237 118.033333
238 119.512500
239 148.486486
240 107.810000
241 151.670732
242 177.753425
243 169.523256
244 156.900000
245 173.780952
246 134.773333
247 242.302632
248 121.506329
249 195.410714
250 190.619718
251 170.094891
252 214.525424
253 119.750000
254 121.194444
255 170.903846
256 264.709091
257 134.587500
258 102.180000
259 184.284672
260 173.434783
261 191.357143
262 98.125000
263 242.543478
264 207.639344
265 156.408451
266 200.434783
267 132.523810
268 95.071429
269 166.629630
270 226.074074
271 239.066667
272 197.979167
273 240.868421
274 197.370370
275 153.513889
276 150.578947
277 135.056911
278 140.020833
279 209.629630
280 123.244898
281 116.333333
282 128.413043
283 189.127660
284 162.000000
285 86.008197
286 88.290909
287 177.031250
288 145.261364
289 148.924528
290 195.820000
291 102.381579
292 165.220000
293 158.426667
294 177.651163
295 62.700000
296 205.666667
297 168.369863
298 219.952381
299 142.879310
300 191.765957
301 212.910714
302 152.080645
303 153.860000
304 232.964286
305 45.939698
306 213.500000
307 159.360656
308 152.044776
309 236.634146
310 112.710526
311 280.163265
312 202.675676
313 172.709677
314 88.330508
315 199.171429
316 236.292683
317 221.826087
318 216.943662
319 206.853933
320 279.550000
321 97.055556
322 251.725000
323 153.970588
324 223.102041
325 285.166667
326 305.044444
327 345.977273
328 116.920000
329 186.971429
330 148.290323
331 203.970149
332 184.529412
333 129.586207
334 299.764706
335 511.948718
336 264.125000
337 205.755102
338 204.627907
339 197.607843
340 170.454545
341 197.256410
342 213.200000
343 207.918367
344 187.162162
345 187.575000
346 193.750000
347 60.168421
348 181.102564
349 119.585366
350 52.140625
351 227.666667
352 337.416667
353 264.000000
354 176.171429
355 204.333333
356 88.469697
357 245.636364
358 108.538462
359 180.696970
360 194.269231
361 173.342105
362 226.454545
363 140.546875
364 193.575758
365 255.172414
366 265.302326
367 178.209302
368 322.320000
369 72.395604
370 222.888889
371 209.382353
372 236.366667
373 95.466667
374 221.583333
375 253.767442
376 255.035714
377 225.300000
378 176.909091
379 215.454545
380 202.629630
381 205.454545
382 186.152174
383 99.666667
384 207.863636
385 220.142857
386 77.805970
387 177.888889
388 224.481481
389 198.378378
390 186.500000
391 232.450000
392 208.103448
393 347.093750
394 225.000000
395 112.638298
396 217.218750
397 214.375000
398 192.533333
399 104.585366
400 210.818182
401 215.675000
402 160.175000
403 195.461538
404 171.416667
405 299.388889
406 191.483871
407 233.740741
408 225.096774
409 130.157895
410 272.700000
411 236.225806
412 279.718750
413 317.370370
414 260.351351
415 177.533333
416 229.961538
417 326.526316
418 324.411765
419 195.531250
420 285.750000
421 291.428571
422 217.473684
423 227.666667
424 228.431818
425 172.655172
426 194.000000
427 242.357143
428 225.825000
429 45.737705
430 285.653846
431 152.131579
432 40.000000
433 316.086957
434 254.866667
435 250.605263
436 246.476190
437 178.833333
438 295.966667
439 378.333333
440 252.931034
441 144.953488
442 355.307692
443 211.307692
444 210.291667
445 294.606061
446 274.064516
447 297.928571
448 272.277778
449 278.250000
450 140.695652
451 190.596774
452 236.909091
453 184.571429
454 309.136364
455 138.928571
456 338.300000
457 192.967742
458 286.520000
459 232.608696
460 67.761421
461 225.366667
462 228.444444
463 108.557692
464 259.875000
465 218.750000
466 192.833333
467 176.466667
468 324.714286
469 322.774194
470 188.000000
471 280.243243
472 340.170213
473 230.700000
474 317.000000
475 215.133333
476 200.243243
477 143.222222
478 216.785714
479 210.222222
480 323.416667
481 96.894737
482 163.750000
483 95.867925
484 215.608696
485 302.117647
486 190.888889
487 162.733333
488 285.365854
489 330.318182
490 187.157895
491 471.909091
492 264.571429
493 291.823529
494 241.062500
495 302.615385
496 291.133333
497 216.578947
498 336.448276
499 270.500000
500 327.925926
501 301.473684
502 334.230769
503 155.212121
504 191.958333
505 270.578947
506 221.777778
507 316.409091
508 170.263158
509 229.772727
510 257.212121
511 298.647059
512 253.277778
513 215.727273
514 195.117647
515 200.040000
516 256.888889
517 229.800000
518 269.772727
519 259.470588
520 321.062500
521 254.588235
522 237.523810
523 253.692308
524 214.615385
525 240.250000
526 280.294118
527 285.625000
528 252.185185
529 179.000000
530 19.446809
531 179.095238
532 425.785714
533 315.607143
534 236.777778
535 308.272727
536 268.562500
537 232.181818
538 169.238095
539 185.821429
540 207.000000
541 201.562500
542 269.272727
543 249.523810
544 434.000000
545 249.555556
546 300.461538
547 169.071429
548 386.166667
549 203.525000
550 368.454545
551 177.055556
552 227.272727
553 227.318182
554 213.588235
555 364.478261
556 236.578947
557 293.480000
558 277.300000
559 180.043478
560 296.050000
561 200.864865
562 59.790698
563 338.736842
564 266.451613
565 145.923077
566 363.692308
567 229.444444
568 331.555556
569 216.437500
570 383.181818
571 279.076923
572 419.285714
573 305.750000
574 274.000000
575 343.750000
576 203.800000
577 283.333333
578 273.675676
579 177.777778
580 344.920000
581 407.811321
582 199.740741
583 271.875000
584 425.000000
585 367.809524
586 319.000000
587 342.440000
588 270.250000
589 252.700000
590 170.214286
591 78.625000
592 269.636364
593 260.562500
594 259.263158
595 121.571429
596 253.518519
597 249.400000
598 193.409836
599 316.333333
600 263.062500
601 455.500000
602 144.818182
603 242.722222
604 252.909091
605 174.500000
606 319.000000
607 353.789474
608 253.333333
609 300.125000
610 273.750000
611 341.200000
612 321.200000
613 196.000000
614 370.000000
615 307.545455
616 349.250000
617 320.750000
618 84.947368
619 356.400000
620 240.214286
621 310.961538
622 248.636364
623 100.519608
624 236.888889
625 314.882353
626 227.916667
627 216.000000
628 381.285714
629 299.285714
630 273.700000
631 210.000000
632 244.529412
633 585.076923
634 307.562500
635 247.500000
636 378.789474
637 343.000000
638 250.666667
639 346.615385
640 385.200000
641 401.166667
642 200.333333
643 255.500000
644 179.700000
645 394.384615
646 219.800000
647 426.714286
648 324.545455
649 616.428571
650 332.181818
651 252.095238
652 196.923077
653 338.939394
654 328.842105
655 219.666667
656 546.797297
657 227.000000
658 264.636364
659 403.727273
660 203.000000
661 311.500000
662 264.083333
663 241.130435
664 552.909091
665 291.882353
666 312.785714
667 381.363636
668 339.052632
669 307.000000
670 331.812500
671 187.250000
672 431.545455
673 315.285714
674 350.823529
675 111.600000
676 301.384615
677 298.722222
678 277.736842
679 291.111111
680 245.200000
681 291.866667
682 168.700000
683 292.772727
684 199.666667
685 199.222222
686 215.869565
687 240.272727
688 364.000000
689 300.294118
690 337.550000
691 313.460000
692 217.142857
693 200.958333
694 241.875000
695 258.666667
696 291.500000
697 405.250000
698 497.333333
699 374.333333
700 439.285714
701 155.250000
702 334.384615
703 336.000000
704 251.190476
705 664.500000
706 429.090909
707 260.833333
708 167.125000
709 244.600000
710 179.600000
711 449.800000
712 391.333333
713 208.454545
714 424.285714
715 296.400000
716 374.545455
717 373.818182
718 283.500000
719 244.125000
720 548.285714
721 259.000000
722 229.555556
723 243.111111
724 253.800000
725 145.000000
726 290.230769
727 234.222222
728 296.000000
729 298.100000
730 244.333333
731 236.500000
732 350.555556
733 260.133333
734 352.651163
735 245.666667
736 165.200000
737 390.875000
738 503.846154
739 200.777778
740 263.200000
741 526.571429
742 422.200000
743 247.583333
744 445.380952
745 377.083333
746 182.304348
747 512.812500
748 482.250000
749 475.000000
750 292.000000
751 157.916667
752 215.000000
753 398.777778
754 254.000000
755 462.687500
756 340.571429
757 481.750000
758 423.266667
759 338.000000
760 349.454545
761 186.333333
762 433.800000
763 120.222222
764 372.200000
765 357.900000
766 449.500000
767 441.800000
768 344.444444
769 368.444444
770 181.368421
771 455.764706
772 229.111111
773 464.777778
774 246.545455
775 192.600000
776 341.142857
777 310.916667
778 381.500000
779 439.200000
780 336.272727
781 209.000000
782 246.750000
783 246.888889
784 259.000000
785 527.222222
786 145.000000
787 782.428571
788 356.545455
789 559.400000
790 411.588235
791 211.952381
792 174.000000
793 462.272727
794 458.909091
795 329.111111
796 319.062500
797 305.600000
798 281.384615
799 638.222222
800 268.277778
801 369.333333
802 364.833333
803 277.875000
804 335.666667
805 414.375000
806 167.800000
807 218.105263
808 289.777778
809 273.200000
810 366.750000
811 124.750000
812 291.615385
813 342.300000
814 206.923077
815 248.615385
816 305.333333
817 410.750000
818 138.500000
819 373.750000
820 431.214286
821 86.833333
822 310.250000
823 325.800000
824 275.454545
825 521.214286
826 163.333333
827 293.600000
828 157.000000
829 419.750000
830 258.800000
831 171.666667
832 252.500000
833 131.785714
834 239.666667
835 158.642857
836 386.555556
837 285.625000
838 398.437500
839 367.666667
840 437.285714
841 286.285714
842 78.909091
843 757.571429
844 248.500000
845 286.923077
846 207.142857
847 137.500000
848 367.625000
849 338.750000
850 313.636364
851 445.076923
852 86.800000
853 378.909091
854 124.500000
855 326.750000
856 566.833333
857 430.125000
858 840.333333
859 151.875000
860 179.111111
861 213.739130
862 370.200000
863 362.875000
864 246.692308
865 365.714286
866 271.363636
867 340.666667
868 206.428571
869 268.000000
870 188.214286
871 337.250000
872 303.909091
873 320.000000
874 46.883721
875 325.833333
876 297.142857
877 317.375000
878 297.923077
879 294.375000
880 286.750000
881 259.272727
882 370.100000
883 77.555556
884 231.857143
885 159.250000
886 259.500000
887 1222.000000
888 274.090909
889 179.333333
890 231.250000
891 234.083333
892 325.600000
893 158.636364
894 324.000000
895 201.777778
896 402.600000
897 308.700000
898 395.714286
899 64.857143
900 506.000000
901 226.888889
902 445.600000
903 305.461538
904 102.666667
905 365.750000
906 472.833333
907 303.285714
908 637.833333
909 349.500000
910 468.214286
911 211.400000
912 339.923077
913 128.727273
914 649.500000
915 304.750000
916 289.909091
917 318.500000
918 374.600000
919 590.500000
920 585.000000
921 252.375000
922 527.500000
923 283.600000
924 326.200000
925 204.888889
926 295.700000
927 602.166667
928 240.666667
929 276.100000
930 263.000000
931 793.400000
932 192.200000
933 407.400000
934 67.333333
935 144.400000
936 252.933333
937 238.857143
938 149.000000
939 354.846154
940 279.000000
941 312.600000
942 269.000000
943 196.857143
944 69.466667
945 475.846154
946 253.500000
947 186.500000
948 250.800000
949 469.636364
950 637.666667
951 214.857143
952 137.428571
953 232.250000
954 19.250000
955 311.000000
956 422.500000
957 132.777778
958 237.400000
959 454.166667
960 359.400000
961 277.000000
962 642.166667
963 313.200000
964 226.866667
965 630.000000
966 399.333333
967 231.142857
968 395.666667
969 327.571429
970 275.750000
971 335.333333
972 226.142857
973 300.400000
974 318.916667
975 304.500000
976 464.222222
977 292.222222
978 307.461538
979 276.428571
980 264.750000
981 1020.000000
982 453.000000
983 376.000000
984 509.285714
985 281.600000
986 486.000000
987 358.800000
988 249.000000
989 239.285714
990 136.500000
991 211.666667
992 373.000000
993 576.750000
994 474.250000
995 197.600000
996 127.200000
997 227.142857
998 92.285714
999 225.000000
1000 246.428571
1001 184.000000
1002 330.444444
1003 379.562500
1004 443.800000
1005 251.250000
1006 271.714286
1007 176.600000
1008 358.800000
1009 69.125000
1010 23.371429
1011 198.600000
1012 364.125000
1013 388.000000
1014 607.333333
1015 248.250000
1016 540.200000
1017 235.200000
1018 139.333333
1019 413.375000
1020 828.000000
1021 325.777778
1022 692.428571
1023 384.250000
1024 484.400000
1025 413.750000
1026 345.166667
1027 623.200000
1028 46.000000
1029 355.200000
1030 358.100000
1031 482.500000
1032 101.666667
1033 577.111111
1034 237.833333
1035 301.888889
1036 411.333333
1037 512.333333
1038 404.500000
1039 194.600000
1040 293.200000
1041 415.166667
1042 690.000000
1043 266.666667
1044 211.100000
1045 236.000000
1046 301.666667
1047 386.750000
1048 130.666667
1049 233.000000
1050 453.600000
1051 94.000000
1052 231.500000
1053 174.066667
1054 355.250000
1055 358.714286
1056 483.333333
1057 989.666667
1058 405.153846
1059 625.833333
1060 430.937500
1061 168.444444
1062 238.888889
1063 499.625000
1064 512.750000
1065 248.000000
1066 449.285714
1067 523.333333
1068 321.333333
1069 239.500000
1070 425.200000
1071 319.000000
1072 60.500000
1073 275.500000
1074 138.500000
1075 678.333333
1076 228.285714
1077 320.000000
1078 404.833333
1079 418.000000
1080 179.000000
1081 454.000000
1082 331.500000
1083 367.250000
1084 429.214286
1085 252.250000
1086 224.750000
1087 290.500000
1088 320.800000
1089 607.833333
1090 338.000000
1091 172.000000
1092 359.200000
1093 5.000000
1094 142.000000
1095 400.200000
1096 426.000000
1097 164.000000
1098 274.333333
1099 269.000000
1100 313.250000
1101 581.166667
1102 294.142857
1103 259.000000
1104 440.500000
1105 296.600000
1106 210.545455
1107 965.500000
1108 438.500000
1109 204.200000
1110 486.500000
1111 202.333333
1112 248.166667
1113 264.000000
1114 413.833333
1115 146.000000
1116 147.500000
1117 265.181818
1118 510.058824
1119 97.000000
1120 197.142857
1121 257.800000
1122 390.333333
1123 415.222222
1124 321.500000
1125 284.500000
1126 535.944444
1127 272.285714
1128 511.000000
1129 187.000000
1130 140.666667
1131 110.000000
1132 444.857143
1133 232.857143
1134 498.500000
1135 416.666667
1136 430.400000
1137 211.333333
1138 229.000000
1139 354.666667
1140 554.454545
1141 607.000000
1142 275.400000
1143 327.000000
1144 147.250000
1145 360.142857
1146 442.800000
1147 252.166667
1148 524.333333
1149 235.500000
1150 146.500000
1151 795.666667
1152 425.000000
1153 418.500000
1154 135.000000
1155 261.250000
1156 178.000000
1157 308.545455
1158 429.666667
1159 315.333333
1160 130.545455
1161 531.583333
1162 298.250000
1163 435.666667
1164 439.400000
1165 449.428571
1166 366.750000
1167 400.200000
1168 392.333333
1169 677.000000
1170 361.571429
1171 241.300000
1172 342.000000
1173 343.400000
1174 314.500000
1175 398.250000
1176 116.000000
1177 255.142857
1178 236.500000
1179 131.000000
1180 144.500000
1181 625.500000
1182 473.285714
1183 343.300000
1184 440.000000
1185 150.666667
1186 252.666667
1187 117.333333
1188 310.800000
1189 316.666667
1190 268.333333
1191 200.800000
1192 407.666667
1193 238.666667
1194 392.333333
1195 155.750000
1196 238.375000
1197 865.666667
1198 171.750000
1199 529.666667
1200 208.000000
1201 663.000000
1202 432.000000
1203 430.166667
1204 494.428571
1205 863.750000
1206 543.500000
1207 295.333333
1208 452.285714
1209 402.125000
1210 214.166667
1211 943.000000
1212 426.000000
1213 81.000000
1214 511.428571
1215 556.666667
1216 313.600000
1217 655.000000
1218 307.400000
1219 243.500000
1220 607.285714
1221 240.071429
1222 303.000000
1223 377.750000
1224 354.250000
1225 4.500000
1226 223.428571
1227 225.750000
1228 293.000000
1229 79.555556
1230 208.666667
1231 244.428571
1232 755.750000
1233 772.833333
1234 130.666667
1235 178.166667
1236 169.500000
1237 197.285714
1238 488.571429
1239 406.500000
1240 332.800000
1241 526.750000
1242 146.000000
1243 354.000000
1244 379.285714
1245 404.000000
1246 335.833333
1247 39.138889
1248 234.200000
1249 367.500000
1250 190.500000
1251 274.200000
1252 144.909091
1253 326.230769
1254 404.333333
1255 393.000000
1256 397.666667
1257 223.200000
1258 206.250000
1259 251.000000
1260 241.833333
1261 437.000000
1262 399.500000
1263 192.571429
1264 141.500000
1265 397.250000
1266 440.571429
1267 384.333333
1268 373.777778
1269 446.000000
1270 295.833333
1271 1185.500000
1272 706.000000
1273 638.666667
1274 187.133333
1275 200.250000
1276 166.333333
1277 295.000000
1278 465.833333
1279 234.000000
1280 263.200000
1281 602.666667
1282 180.666667
1283 532.500000
1284 371.000000
1285 428.454545
1286 540.166667
1287 281.750000
1288 525.500000
1289 634.000000
1290 175.000000
1291 811.000000
1292 73.333333
1293 176.000000
1294 461.800000
1295 615.200000
1296 161.714286
1297 354.500000
1298 12.000000
1299 4.000000
1300 159.750000
1301 304.333333
1302 319.666667
1303 520.000000
1304 341.800000
1305 308.500000
1306 247.375000
1307 832.000000
1308 329.250000
1309 240.500000
1310 396.666667
1311 479.000000
1312 1169.000000
1313 371.000000
1314 374.400000
1315 470.500000
1316 389.500000
1317 54.714286
1318 566.000000
1319 298.600000
1320 211.666667
1321 229.250000
1322 227.571429
1323 226.857143
1324 162.181818
1325 531.000000
1326 405.000000
1327 268.666667
1328 113.000000
1329 740.500000
1330 309.500000
1331 344.000000
1332 438.000000
1333 203.500000
1334 568.800000
1335 337.400000
1336 351.833333
1337 112.100000
1338 462.666667
1339 705.000000
1340 636.666667
1341 273.500000
1342 377.250000
1343 175.000000
1344 162.800000
1345 174.750000
1346 389.000000
1347 183.000000
1348 232.666667
1349 309.800000
1350 829.857143
1351 117.000000
1352 416.111111
1353 291.083333
1354 495.777778
1355 387.666667
1356 358.000000
1357 405.000000
1358 361.272727
1359 477.666667
1360 451.750000
1361 1138.500000
1362 505.444444
1363 606.500000
1364 249.000000
1365 285.142857
1366 340.500000
1367 520.625000
1368 779.333333
1369 505.166667
1370 104.250000
1371 89.500000
1372 589.000000
1373 290.500000
1374 270.500000
1375 137.000000
1376 311.600000
1377 529.000000
1378 90.500000
1379 427.000000
1380 285.500000
1381 141.000000
1382 704.500000
1383 443.600000
1384 469.000000
1385 540.500000
1386 730.500000
1387 225.333333
1388 346.000000
1389 503.200000
1390 801.250000
1391 492.500000
1392 234.000000
1393 42.000000
1394 350.000000
1395 158.000000
1396 259.200000
1397 194.250000
1398 451.428571
1399 474.200000
1400 261.000000
1401 373.000000
1402 429.333333
1403 356.500000
1404 837.375000
1405 169.000000
1406 180.666667
1407 202.333333
1408 386.666667
1409 307.666667
1410 588.500000
1411 130.333333
1412 263.666667
1413 457.000000
1414 472.000000
1415 330.500000
1416 154.000000
1417 450.333333
1418 115.818182
1419 176.000000
1420 217.333333
1421 743.000000
1422 8.000000
1423 488.250000
1424 6.500000
1425 451.250000
1426 190.250000
1427 181.400000
1428 42.217391
1429 542.000000
1430 620.000000
1431 101.333333
1432 1172.000000
1433 662.000000
1434 822.666667
1435 57.055556
1436 685.000000
1437 951.000000
1438 252.833333
1439 280.000000
1440 508.800000
1441 132.250000
1442 289.800000
1443 294.000000
1444 262.333333
1445 173.666667
1446 146.666667
1447 591.000000
1448 386.000000
1449 561.642857
1450 769.400000
1451 93.750000
1452 347.600000
1453 730.600000
1454 454.500000
1455 635.333333
1456 717.000000
1457 275.000000
1458 232.400000
1459 492.666667
1460 554.666667
1461 770.666667
1462 185.000000
1463 680.000000
1464 276.800000
1465 538.500000
1466 608.166667
1467 36.750000
1468 776.333333
1469 1635.000000
1470 482.600000
1471 358.400000
1472 598.285714
1473 286.000000
1474 322.800000
1475 454.250000
1476 248.000000
1477 1050.000000
1478 279.000000
1479 413.333333
1480 622.750000
1481 273.166667
1482 431.500000
1483 1505.500000
1484 115.166667
1485 590.250000
1486 301.666667
1487 138.769231
1488 317.500000
1489 190.250000
1490 370.200000
1491 173.750000
1492 173.000000
1493 992.333333
1494 27.475904
1495 364.375000
1496 242.000000
1497 879.000000
1498 390.000000
1499 925.600000
1500 157.500000
1501 413.000000
1502 97.500000
1503 326.333333
1504 439.666667
1505 66.000000
1506 719.000000
1507 142.000000
1508 301.000000
1509 377.000000
1510 454.428571
1511 190.500000
1512 251.571429
1513 693.000000
1514 484.000000
1515 236.666667
1516 277.750000
1517 389.000000
1518 733.833333
1519 581.666667
1520 676.333333
1521 213.500000
1522 518.000000
1523 533.000000
1524 367.000000
1525 510.500000
1526 5.000000
1527 317.000000
1528 83.800000
1529 670.333333
1530 397.000000
1531 425.000000
1532 633.250000
1533 369.000000
1534 625.333333
1535 325.666667
1536 361.000000
1537 181.000000
1538 511.333333
1539 198.818182
1540 392.090909
1541 244.250000
1542 186.000000
1543 858.500000
1544 358.500000
1545 415.250000
1546 488.000000
1547 235.000000
1548 399.800000
1549 750.666667
1550 334.250000
1551 622.714286
1552 240.750000
1553 191.666667
1554 280.333333
1555 473.000000
1556 154.500000
1557 467.000000
1558 378.250000
1559 202.666667
1560 497.333333
1561 479.000000
1562 308.000000
1563 214.000000
1564 178.500000
1565 317.250000
1566 444.750000
1567 294.000000
1568 214.000000
1569 503.800000
1570 315.000000
1571 365.500000
1572 422.666667
1573 632.500000
1574 411.000000
1575 330.250000
1576 96.833333
1577 381.000000
1578 235.800000
1579 453.916667
1580 102.000000
1581 383.500000
1582 709.666667
1583 235.500000
1584 397.500000
1585 199.000000
1586 138.000000
1587 316.428571
1588 565.200000
1589 331.142857
1590 225.571429
1591 95.000000
1592 90.000000
1593 340.666667
1594 415.000000
1595 1344.000000
1596 486.000000
1597 360.600000
1598 272.400000
1599 360.500000
1600 437.000000
1601 61.000000
1602 827.000000
1603 458.000000
1604 129.500000
1605 349.500000
1606 54.500000
1607 397.500000
1608 393.500000
1609 521.200000
1610 309.333333
1611 22.000000
1612 333.000000
1613 330.000000
1614 260.500000
1615 581.750000
1616 153.000000
1617 408.000000
1618 4.000000
1619 352.000000
1620 592.500000
1621 195.250000
1622 181.500000
1623 126.333333
1624 18.000000
1625 161.000000
1626 220.333333
1627 506.000000
1628 237.333333
1629 292.000000
1630 241.000000
1631 386.500000
1632 292.400000
1633 203.750000
1634 198.000000
1635 166.500000
1636 583.333333
1637 510.200000
1638 164.000000
1639 351.000000
1640 1265.333333
1641 177.000000
1642 280.500000
1643 367.000000
1644 78.200000
1645 848.000000
1646 409.961538
1647 724.000000
1648 286.571429
1649 283.666667
1650 167.000000
1651 193.000000
1652 368.500000
1653 285.000000
1654 207.000000
1655 122.388889
1656 505.666667
1657 513.000000
1658 338.333333
1659 384.714286
1660 438.200000
1661 160.000000
1662 898.000000
1663 300.250000
1664 444.833333
1665 482.000000
1666 342.000000
1667 417.000000
1668 137.000000
1669 260.333333
1670 223.750000
1671 1.000000
1672 420.000000
1673 214.000000
1674 231.333333
1675 295.000000
1676 746.125000
1677 640.000000
1678 389.714286
1679 351.000000
1680 258.500000
1681 2401.500000
1682 231.500000
1683 449.333333
1684 260.000000
1685 354.250000
1686 218.000000
1687 330.000000
1688 385.000000
1689 538.000000
1690 211.000000
1691 95.000000
1692 215.000000
1693 330.000000
1694 182.000000
1695 275.555556
1696 191.333333
1697 49.000000
1698 303.928571
1699 360.750000
1700 2373.000000
1701 504.000000
1702 729.750000
1703 17.250000
1704 531.000000
1705 388.000000
1706 473.500000
1707 274.400000
1708 1106.000000
1709 195.000000
1710 351.666667
1711 230.666667
1712 280.000000
1713 190.000000
1714 485.000000
1715 185.750000
1716 223.666667
1717 65.400000
1718 409.000000
1719 480.333333
1720 315.333333
1721 33.066667
1722 21.678392
1723 530.000000
1724 402.000000
1725 178.666667
1726 322.285714
1727 440.800000
1728 1108.000000
1729 576.000000
1730 260.500000
1731 741.250000
1732 391.000000
1733 150.000000
1734 363.666667
1735 105.000000
1736 349.000000
1737 616.500000
1738 425.000000
1739 322.500000
1740 484.500000
1741 649.000000
1742 1296.000000
1743 216.000000
1744 647.500000
1745 361.714286
1746 246.800000
1747 188.500000
1748 200.000000
1749 534.500000
1750 529.769231
1751 458.212121
1752 662.750000
1753 286.000000
1754 575.000000
1755 349.833333
1756 60.000000
1757 333.500000
1758 270.833333
1759 511.333333
1760 313.000000
1761 188.333333
1762 711.333333
1763 522.863636
1764 792.750000
1765 1186.000000
1766 313.500000
1767 209.500000
1768 239.000000
1769 306.454545
1770 225.500000
1771 409.000000
1772 692.000000
1773 207.333333
1774 354.000000
1775 459.000000
1776 336.750000
1777 403.500000
1778 292.200000
1779 347.000000
1780 165.500000
1781 223.500000
1782 1130.500000
1783 540.666667
1784 364.000000
1785 139.000000
1786 643.833333
1787 398.000000
1788 491.500000
1789 587.000000
1790 325.000000
1791 334.000000
1792 404.500000
1793 303.500000
1794 501.666667
1795 46.000000
1796 433.714286
1797 635.000000
1798 362.500000
1799 230.000000
1800 289.000000
1801 1095.000000
1802 62.000000
1803 163.000000
1804 370.875000
1805 633.333333
1806 381.666667
1807 255.000000
1808 357.750000
1809 428.000000
1810 463.250000
1811 773.666667
1812 276.000000
1813 420.166667
1814 390.500000
1815 775.000000
1816 622.666667
1817 564.500000
1818 299.200000
1819 935.000000
1820 140.000000
1821 220.000000
1822 359.333333
1823 366.500000
1824 456.333333
1825 217.333333
1826 222.375000
1827 271.000000
1828 401.000000
1829 382.000000
1830 163.500000
1831 181.000000
1832 218.000000
1833 148.000000
1834 153.000000
1835 388.000000
1836 395.600000
1837 226.000000
1838 328.750000
1839 476.666667
1840 297.500000
1841 1741.500000
1842 354.000000
1843 342.333333
1844 43.000000
1845 454.000000
1846 646.500000
1847 244.333333
1848 240.250000
1849 269.833333
1850 535.000000
1851 85.000000
1852 196.500000
1853 372.333333
1854 268.000000
1855 241.000000
1856 730.500000
1857 664.000000
1858 388.000000
1859 192.000000
1860 217.333333
1861 362.500000
1862 358.000000
1863 495.000000
1864 374.500000
1865 588.000000
1866 304.000000
1867 265.000000
1868 660.000000
1869 231.000000
1870 162.000000
1871 573.833333
1872 453.000000
1873 619.500000
1874 458.000000
1875 618.000000
1876 250.000000
1877 470.500000
1878 221.000000
1879 263.000000
1880 111.000000
1881 287.500000
1882 403.200000
1883 192.333333
1884 568.000000
1885 395.000000
1886 514.666667
1887 844.000000
1888 451.000000
1889 249.000000
1890 143.000000
1891 568.800000
1892 130.000000
1893 592.000000
1894 318.000000
1895 331.500000
1896 356.000000
1897 146.000000
1898 570.500000
1899 346.000000
1900 572.333333
1901 692.333333
1902 196.000000
1903 378.600000
1904 496.000000
1905 409.000000
1906 585.500000
1907 401.500000
1908 124.000000
1909 467.000000
1910 465.142857
1911 212.666667
1912 560.500000
1913 189.000000
1914 321.000000
1915 279.666667
1916 150.000000
1917 312.000000
1918 1003.000000
1919 537.000000
1920 570.000000
1921 359.000000
1922 694.666667
1923 558.166667
1924 599.000000
1925 215.333333
1926 231.400000
1927 347.000000
1928 334.500000
1929 797.000000
1930 586.000000
1931 214.500000
1932 210.500000
1933 298.000000
1934 257.000000
1935 307.000000
1936 152.000000
1937 1162.000000
1938 183.000000
1939 746.000000
1940 236.333333
1941 375.000000
1942 439.500000
1943 498.666667
1944 430.000000
1945 513.400000
1946 416.000000
1947 288.750000
1948 1047.000000
1949 577.928571
1950 358.666667
1951 597.750000
1952 376.000000
1953 328.888889
1954 836.000000
1955 523.500000
1956 423.666667
1957 698.666667
1958 183.500000
1959 437.666667
1960 242.000000
1961 314.000000
1962 557.000000
1963 39.000000
1964 362.727273
1965 675.400000
1966 333.000000
1967 210.000000
1968 672.500000
1969 725.000000
1970 204.000000
1971 454.333333
1972 193.500000
1973 38.000000
1974 143.000000
1975 454.000000
1976 891.500000
1977 304.750000
1978 387.000000
1979 28.000000
1980 393.000000
1981 122.500000
1982 662.666667
1983 309.000000
1984 554.000000
1985 201.250000
1986 408.000000
1987 498.750000
1988 319.500000
1989 265.666667
1990 253.500000
1991 331.500000
1992 858.000000
1993 325.000000
1994 21.000000
1995 344.000000
1996 829.666667
1997 244.666667
1998 137.000000
1999 1235.000000
2000 101.666667
2001 386.000000
2002 484.000000
2003 59.500000
2004 161.000000
2005 765.000000
2006 443.000000
2007 663.250000
2008 286.000000
2009 420.000000
2010 477.000000
2011 495.500000
2012 1718.000000
2013 276.000000
2014 219.000000
2015 293.333333
2016 425.000000
2017 102.000000
2018 377.333333
2019 161.000000
2020 862.000000
2021 117.000000
2022 168.500000
2023 403.000000
2024 467.000000
2025 349.000000
2026 380.000000
2027 777.000000
2028 88.000000
2029 795.500000
2030 587.333333
2031 720.000000
2032 1437.000000
2033 207.000000
2034 186.000000
2035 541.666667
2036 149.000000
2037 213.000000
2038 1000.000000
2039 239.666667
2040 574.500000
2041 665.333333
2042 380.000000
2043 555.500000
2044 1093.500000
2045 240.000000
2046 566.666667
2047 451.000000
2048 27.000000
2049 453.000000
2050 280.000000
2051 427.500000
2052 469.333333
2053 330.666667
2054 597.000000
2055 654.000000
2056 288.500000
2057 267.000000
2058 440.500000
2059 257.000000
2060 401.500000
2061 1509.500000
2062 326.000000
2063 206.000000
2064 380.000000
2065 421.333333
2066 313.000000
2067 505.000000
2068 207.000000
2069 328.750000
2070 171.666667
2071 493.333333
2072 412.250000
2073 958.000000
2074 290.500000
2075 200.000000
2076 511.250000
2077 357.000000
2078 249.000000
2079 236.714286
2080 375.000000
2081 218.000000
2082 269.000000
2083 403.000000
2084 267.500000
2085 862.500000
2086 163.000000
2087 188.666667
2088 272.000000
2089 513.000000
2090 558.500000
2091 204.333333
2092 555.000000
2093 345.000000
2094 602.200000
2095 645.800000
2096 96.000000
2097 301.500000
2098 836.666667
2099 471.214286
2100 584.000000
2101 720.000000
2102 8.000000
2103 625.250000
2104 349.000000
2105 183.666667
2106 782.000000
2107 153.000000
2108 474.000000
2109 556.400000
2110 414.750000
2111 899.000000
2112 788.200000
2113 110.000000
2114 971.333333
2115 419.500000
2116 96.000000
2117 541.333333
2118 533.000000
2119 303.800000
2120 702.000000
2121 343.500000
2122 178.000000
2123 270.500000
2124 293.000000
2125 146.000000
2126 238.000000
2127 462.333333
2128 360.000000
2129 515.000000
2130 225.500000
2131 386.666667
2132 395.500000
2133 498.000000
2134 244.000000
2135 892.000000
2136 386.000000
2137 59.000000
2138 367.000000
2139 193.000000
2140 1446.000000
2141 780.500000
2142 320.000000
2143 546.000000
2144 647.500000
2145 653.500000
2146 350.285714
2147 969.500000
2148 443.000000
2149 304.750000
2150 233.000000
2151 130.000000
2152 417.750000
2153 589.000000
2154 604.000000
2155 1207.000000
2156 714.000000
2157 680.000000
2158 266.000000
2159 757.400000
2160 866.000000
2161 269.000000
2162 708.000000
2163 1396.000000
2164 799.000000
2165 78.500000
2166 304.500000
2167 235.000000
2168 552.333333
2169 137.000000
2170 269.750000
2171 459.600000
2172 280.000000
2173 31.000000
2174 471.000000
2175 40.000000
2176 349.333333
2177 124.000000
2178 374.000000
2179 539.000000
2180 525.000000
2181 336.333333
2182 608.400000
2183 161.500000
2184 209.000000
2185 90.500000
2186 763.000000
2187 829.000000
2188 348.333333
2189 549.000000
2190 939.000000
2191 668.000000
2192 605.875000
2193 372.500000
2194 309.500000
2195 1265.000000
2196 7745.000000
2197 333.000000
2198 177.000000
2199 539.333333
2200 213.000000
2201 276.500000
2202 308.500000
2203 149.000000
2204 502.000000
2205 234.000000
2206 342.000000
2207 344.333333
2208 404.500000
2209 554.000000
2210 690.500000
2211 631.000000
2212 444.454545
2213 387.333333
2214 419.500000
2215 168.500000
2216 396.600000
2217 416.000000
2218 678.000000
2219 569.000000
2220 363.000000
2221 342.000000
2222 313.000000
2223 222.000000
2224 293.000000
2225 193.000000
2226 745.000000
2227 339.000000
2228 629.500000
2229 140.500000
2230 513.000000
2231 322.500000
2232 382.000000
2233 129.000000
2234 1233.000000
2235 531.000000
2236 595.000000
2237 239.666667
2238 558.000000
2239 123.000000
2240 846.000000
2241 649.000000
2242 393.000000
2243 264.000000
2244 229.000000
2245 651.000000
2246 474.500000
2247 181.000000
2248 902.166667
2249 475.666667
2250 260.000000
2251 356.333333
2252 353.000000
2253 508.000000
2254 357.666667
2255 773.000000
2256 1239.000000
2257 126.000000
2258 866.500000
2259 747.125000
2260 513.000000
2261 611.000000
2262 331.000000
2263 236.000000
2264 243.500000
2265 322.500000
2266 635.000000
2267 812.000000
2268 761.500000
2269 72.000000
2270 49.000000
2271 354.500000
2272 239.000000
2273 555.000000
2274 257.800000
2275 412.500000
2276 164.000000
2277 268.000000
2278 852.000000
2279 560.000000
2280 194.000000
2281 796.250000
2282 370.000000
2283 186.333333
2284 378.333333
2285 251.000000
2286 291.500000
2287 100.000000
2288 299.333333
2289 250.500000
2290 496.000000
2291 952.500000
2292 1300.000000
2293 715.000000
2294 148.000000
2295 657.333333
2296 658.666667
2297 329.000000
2298 161.666667
2299 323.666667
2300 1709.500000
2301 365.000000
2302 1053.000000
2303 70.500000
2304 1222.000000
2305 372.000000
2306 288.400000
2307 442.000000
2308 421.250000
2309 726.000000
2310 133.500000
2311 78.000000
2312 577.000000
2313 438.250000
2314 403.400000
2315 344.000000
2316 346.000000
2317 767.500000
2318 390.000000
2319 345.000000
2320 257.666667
2321 1030.000000
2322 1656.000000
2323 414.000000
2324 549.000000
2325 756.333333
2326 323.000000
2327 456.333333
2328 551.000000
2329 773.000000
2330 132.000000
2331 650.000000
2332 498.666667
2333 161.500000
2334 775.000000
2335 415.000000
2336 385.000000
2337 392.142857
2338 653.000000
2339 898.000000
2340 153.333333
2341 233.000000
2342 1219.000000
2343 345.000000
2344 1113.000000
2345 470.000000
2346 329.000000
2347 621.666667
2348 304.000000
2349 529.000000
2350 191.500000
2351 498.000000
2352 281.500000
2353 332.000000
2354 637.666667
2355 400.000000
2356 438.000000
2357 106.000000
2358 715.000000
2359 572.000000
2360 380.000000
2361 556.500000
2362 665.333333
2363 530.333333
2364 205.000000
2365 190.000000
2366 406.000000
2367 275.000000
2368 487.000000
2369 518.000000
2370 659.000000
2371 557.000000
2372 333.000000
2373 121.500000
2374 644.000000
2375 689.600000
2376 651.000000
2377 115.000000
2378 303.000000
2379 389.818182
2380 325.666667
2381 561.500000
2382 436.666667
2383 354.000000
2384 383.500000
2385 853.000000
2386 333.000000
2387 405.666667
2388 550.000000
2389 234.333333
2390 742.833333
2391 628.000000
2392 655.000000
2393 384.333333
2394 1067.000000
2395 664.666667
2396 705.333333
2397 16.000000
2398 370.600000
2399 587.181818
2400 36.000000
2401 352.000000
2402 312.000000
2403 279.000000
2404 368.200000
2405 881.333333
2406 970.000000
2407 647.000000
2408 549.000000
2409 257.250000
2410 384.347826
2411 238.500000
2412 253.000000
2413 375.000000
2414 570.800000
2415 333.500000
2416 310.000000
2417 249.000000
2418 227.000000
2419 290.000000
2420 587.000000
2421 190.000000
2422 1258.000000
2423 2154.000000
2424 988.333333
2425 670.000000
2426 362.000000
2427 1631.000000
2428 722.000000
2429 365.666667
2430 1356.000000
2431 524.833333
2432 568.000000
2433 342.666667
2434 430.333333
2435 67.000000
2436 785.500000
2437 350.000000
2438 117.000000
2439 207.500000
2440 1499.000000
2441 607.000000
2442 622.000000
2443 497.000000
2444 329.000000
2445 376.500000
2446 4188.000000
2447 823.000000
2448 399.000000
2449 2383.000000
2450 311.666667
2451 137.000000
2452 297.500000
2453 390.000000
2454 534.333333
2455 262.000000
2456 158.000000
2457 622.000000
2458 411.400000
2459 510.200000
2460 529.818182
2461 250.000000
2462 303.500000
2463 382.000000
2464 291.000000
2465 2580.500000
2466 724.000000
2467 1302.000000
2468 447.500000
2469 147.000000
2470 647.000000
2471 352.000000
2472 653.000000
2473 430.000000
2474 313.666667
2475 144.000000
2476 302.333333
2477 132.500000
2478 688.750000
2479 402.000000
2480 436.000000
2481 540.000000
2482 327.500000
2483 766.000000
2484 252.000000
2485 1758.000000
2486 266.000000
2487 187.000000
2488 417.000000
2489 73.000000
2490 362.000000
2491 563.200000
2492 416.000000
2493 378.000000
2494 619.333333
2495 1041.000000
2496 442.000000
2497 176.000000
2498 2020.000000
2499 136.000000
2500 260.000000
2501 482.500000
2502 585.250000
2503 721.000000
2504 90.000000
2505 567.000000
2506 186.000000
2507 578.000000
2508 480.000000
2509 345.000000
2510 339.000000
2511 349.500000
2512 724.000000
2513 689.200000
2514 489.000000
2515 475.500000
2516 23.000000
2517 520.000000
2518 418.000000
2519 525.333333
2520 255.666667
2521 248.000000
2522 731.500000
2523 305.000000
2524 171.333333
2525 664.000000
2526 428.000000
2527 442.000000
2528 460.333333
2529 607.000000
2530 774.000000
2531 2483.000000
2532 153.000000
2533 161.000000
2534 204.000000
2535 403.500000
2536 459.666667
2537 502.600000
2538 450.333333
2539 251.333333
2540 560.000000
2541 481.000000
2542 565.000000
2543 437.000000
2544 265.500000
2545 391.300000
2546 305.250000
2547 100.000000
2548 1929.000000
2549 108.000000
2550 152.000000
2551 371.000000
2552 101.000000
2553 322.333333
2554 567.000000
2555 59.000000
2556 488.000000
2557 594.000000
2558 185.000000
2559 448.500000
2560 332.800000
2561 382.000000
2562 277.000000
2563 519.000000
2564 58.000000
2565 360.000000
2566 137.000000
2567 374.000000
2568 4828.000000
2569 466.000000
2570 408.666667
2571 381.000000
2572 1755.000000
2573 463.000000
2574 901.500000
2575 388.000000
2576 381.666667
2577 563.000000
2578 115.000000
2579 469.000000
2580 369.000000
2581 174.666667
2582 200.000000
2583 945.000000
2584 484.000000
2585 65.000000
2586 717.000000
2587 209.000000
2588 700.000000
2589 185.000000
2590 1311.000000
2591 786.000000
2592 426.000000
2593 762.000000
2594 81.000000
2595 276.500000
2596 564.000000
2597 166.000000
2598 243.000000
2599 814.000000
2600 724.000000
2601 235.000000
2602 943.500000
2603 220.000000
2604 101.000000
2605 239.000000
2606 279.500000
2607 104.000000
2608 741.200000
2609 236.000000
2610 371.666667
2611 629.000000
2612 358.666667
2613 578.000000
2614 507.166667
2615 869.500000
2616 181.000000
2617 431.000000
2618 533.000000
2619 721.000000
2620 463.000000
2621 1007.000000
2622 121.500000
2623 126.500000
2624 1159.000000
2625 184.000000
2626 457.333333
2627 478.000000
2628 650.500000
2629 210.000000
2630 406.500000
2631 467.000000
2632 193.000000
2633 258.000000
2634 106.000000
2635 276.000000
2636 297.333333
2637 388.000000
2638 631.000000
2639 318.000000
2640 667.000000
2641 189.000000
2642 401.000000
2643 921.000000
2644 280.000000
2645 664.500000
2646 591.200000
2647 135.000000
2648 464.000000
2649 80.000000
2650 141.666667
2651 224.500000
2652 237.000000
2653 296.666667
2654 20.000000
2655 357.333333
2656 630.000000
2657 1336.000000
2658 423.000000
2659 405.500000
2660 689.000000
2661 581.000000
2662 237.000000
2663 115.000000
2664 150.000000
2665 324.000000
2666 571.250000
2667 495.000000
2668 66.000000
2669 68.000000
2670 561.000000
2671 648.000000
2672 358.333333
2673 297.500000
2674 319.000000
2675 422.000000
2676 468.000000
2677 423.666667
2678 374.000000
2679 876.000000
2680 354.750000
2681 344.000000
2682 390.400000
2683 487.000000
2684 81.000000
2685 843.666667
2686 134.500000
2687 351.428571
2688 594.166667
2689 138.666667
2690 454.222222
2691 817.384615
2692 513.000000
2693 46.000000
2694 683.000000
2695 919.500000
2696 368.250000
2697 30.000000
2698 925.500000
2699 529.000000
2700 1211.666667
2701 563.666667
2702 808.500000
2703 629.000000
2704 301.666667
2705 253.000000
2706 179.500000
2707 999.000000
2708 421.000000
2709 177.500000
2710 944.000000
2711 496.333333
2712 166.000000
2713 545.000000
2714 537.875000
2715 386.500000
2716 264.000000
2717 530.200000
2718 321.000000
2719 934.333333
2720 409.333333
2721 179.000000
2722 265.666667
2723 561.000000
2724 396.500000
2725 148.000000
2726 1024.000000
2727 660.000000
2728 494.333333
2729 1482.000000
2730 2850.000000
2731 816.333333
2732 591.500000
2733 848.000000
2734 1419.000000
2735 212.000000
2736 1712.000000
2737 171.000000
2738 358.000000
2739 163.000000
2740 943.000000
2741 572.000000
2742 585.000000
2743 928.750000
2744 587.600000
2745 327.000000
2746 583.000000
2747 501.000000
2748 632.500000
2749 243.500000
2750 740.333333
2751 391.000000
2752 280.000000
2753 260.000000
2754 642.000000
2755 446.666667
2756 210.000000
2757 595.000000
2758 287.000000
2759 292.000000
2760 456.000000
2761 325.000000
2762 236.500000
2763 73.000000
2764 1040.000000
2765 569.800000
2766 241.000000
2767 509.000000
2768 488.000000
2769 174.000000
2770 89.000000
2771 253.666667
2772 583.000000
2773 347.500000
2774 912.250000
2775 808.666667
2776 438.500000
2777 211.000000
2778 281.000000
2779 902.000000
2780 584.000000
2781 2244.000000
2782 259.000000
2783 302.333333
2784 111.250000
2785 768.333333
2786 586.000000
2787 571.000000
2788 362.000000
2789 948.500000
2790 1019.000000
2791 278.000000
2792 635.000000
2793 337.000000
2794 303.000000
2795 466.000000
2796 237.000000
2797 463.000000
2798 538.333333
2799 1137.666667
2800 199.000000
2801 667.000000
2802 90.500000
2803 64.000000
2804 169.000000
2805 1153.000000
2806 487.666667
2807 125.000000
2808 400.400000
2809 609.500000
2810 319.333333
2811 825.500000
2812 761.000000
2813 245.500000
2814 696.000000
2815 107.000000
2816 554.000000
2817 592.000000
2818 335.000000
2819 1041.000000
2820 789.000000
2821 376.500000
2822 258.000000
2823 57.000000
2824 164.000000
2825 556.000000
2826 449.500000
2827 357.000000
2828 1195.000000
2829 109.000000
2830 373.000000
2831 323.000000
2832 225.000000
2833 345.000000
2834 450.500000
2835 1385.000000
2836 314.000000
2837 453.000000
2838 338.000000
2839 842.750000
2840 377.833333
2841 390.000000
2842 230.000000
2843 414.000000
2844 254.000000
2845 404.600000
2846 246.000000
2847 870.500000
2848 200.000000
2849 578.333333
2850 223.000000
2851 410.000000
2852 333.000000
2853 433.666667
2854 351.500000
2855 182.000000
2856 265.000000
2857 456.250000
2858 20.000000
2859 361.000000
2860 1459.000000
2861 283.833333
2862 978.000000
2863 783.500000
2864 301.666667
2865 148.000000
2866 2267.000000
2867 873.000000
2868 302.000000
2869 589.000000
2870 1062.000000
2871 106.000000
2872 164.666667
2873 342.333333
2874 433.000000
2875 512.000000
2876 839.000000
2877 480.000000
2878 321.666667
2879 766.000000
2880 732.000000
2881 2598.000000
2882 201.000000
2883 191.000000
2884 700.000000
2885 342.666667
2886 305.333333
2887 495.000000
2888 570.000000
2889 219.000000
2890 133.000000
2891 538.000000
2892 440.000000
2893 575.000000
2894 151.666667
2895 266.000000
2896 236.000000
2897 899.000000
2898 108.000000
2899 351.333333
2900 358.000000
2901 253.000000
2902 180.000000
2903 460.666667
2904 240.000000
2905 34.000000
2906 212.500000
2907 919.000000
2908 502.000000
2909 495.833333
2910 755.500000
2911 508.000000
2912 633.000000
2913 468.000000
2914 1093.000000
2915 601.000000
2916 257.000000
2917 451.000000
2918 857.000000
2919 94.000000
2920 884.000000
2921 682.000000
2922 438.000000
2923 193.500000
2924 153.000000
2925 267.000000
2926 43.000000
2927 305.500000
2928 371.000000
2929 364.500000
2930 382.500000
2931 379.500000
2932 592.000000
2933 225.000000
2934 308.500000
2935 608.000000
2936 585.000000
2937 631.000000
2938 599.000000
2939 446.000000
2940 1319.000000
2941 576.000000
2942 28.000000
2943 308.000000
2944 617.000000
2945 694.000000
2946 595.000000
2947 412.000000
2948 1253.500000
2949 787.750000
2950 359.000000
2951 12.000000
2952 423.666667
2953 262.000000
2954 233.000000
2955 177.000000
2956 325.500000
2957 758.000000
2958 633.750000
2959 1259.000000
2960 607.666667
2961 229.000000
2962 1748.000000
2963 390.000000
2964 1287.000000
2965 664.000000
2966 249.000000
2967 467.000000
2968 415.000000
2969 664.500000
2970 279.000000
2971 301.000000
2972 232.000000
2973 1475.000000
2974 597.000000
2975 352.000000
2976 342.000000
2977 149.000000
2978 303.500000
2979 207.000000
2980 431.500000
2981 852.500000
2982 530.500000
2983 172.000000
2984 1196.000000
2985 384.750000
2986 216.000000
2987 1147.000000
2988 224.000000
2989 1407.500000
2990 600.000000
2991 1136.333333
2992 187.000000
2993 452.000000
2994 478.000000
2995 124.000000
2996 49.000000
2997 2205.000000
2998 215.000000
2999 222.000000
3000 247.000000
3001 104.000000
3002 562.000000
3003 146.666667
3004 1000.000000
3005 413.166667
3006 51.000000
3007 264.000000
3008 240.000000
3009 187.000000
3010 244.500000
3011 156.500000
3012 361.333333
3013 1748.000000
3014 279.000000
3015 411.000000
3016 484.000000
3017 547.500000
3018 777.000000
3019 440.000000
3020 458.800000
3021 997.000000
3022 698.000000
3023 430.500000
3024 488.500000
3025 720.000000
3026 334.000000
3027 684.500000
3028 471.400000
3029 425.000000
3030 1284.000000
3031 585.666667
3032 487.500000
3033 1161.750000
3034 107.000000
3035 126.000000
3036 844.666667
3037 118.000000
3038 353.000000
3039 115.000000
3040 227.000000
3041 692.750000
3042 888.000000
3043 499.500000
3044 1267.000000
3045 591.333333
3046 561.000000
3047 280.000000
3048 348.000000
3049 274.666667
3050 664.000000
3051 302.333333
3052 279.000000
3053 459.000000
3054 348.500000
3055 245.000000
3056 603.000000
3057 572.000000
3058 734.500000
3059 1586.000000
3060 525.000000
3061 639.000000
3062 429.750000
3063 457.000000
3064 436.000000
3065 358.333333
3066 432.736842
3067 392.000000
3068 325.500000
3069 354.000000
3070 1337.000000
3071 660.000000
3072 276.000000
3073 391.000000
3074 1135.500000
3075 151.000000
3076 717.500000
3077 303.666667
3078 385.000000
3079 305.687500
3080 490.000000
3081 776.000000
3082 505.500000
3083 362.500000
3084 121.000000
3085 520.000000
3086 132.000000
3087 223.000000
3088 224.000000
3089 107.000000
3090 622.000000
3091 261.000000
3092 756.000000
3093 553.000000
3094 11.000000
3095 950.000000
3096 390.000000
3097 72.000000
3098 807.000000
3099 720.000000
3100 502.000000
3101 1477.000000
3102 420.500000
3103 437.000000
3104 503.000000
3105 281.000000
3106 311.666667
3107 568.000000
3108 446.000000
3109 290.000000
3110 969.000000
3111 652.500000
3112 1184.500000
3113 589.333333
3114 318.000000
3115 488.333333
3116 337.000000
3117 40.000000
3118 1072.000000
3119 934.000000
3120 484.000000
3121 78.000000
3122 620.333333
3123 1798.000000
3124 314.000000
3125 1170.000000
3126 560.000000
3127 465.555556
3128 377.000000
3129 648.666667
3130 192.000000
3131 310.000000
3132 347.000000
3133 186.000000
3134 737.000000
3135 346.666667
3136 519.000000
3137 1169.000000
3138 700.000000
3139 733.000000
3140 1839.000000
3141 527.000000
3142 1287.000000
3143 114.000000
3144 671.666667
3145 254.000000
3146 745.000000
3147 327.000000
3148 691.100000
3149 171.000000
3150 284.500000
3151 364.000000
3152 266.000000
3153 459.000000
3154 491.666667
3155 90.666667
3156 1228.250000
3157 886.000000
3158 276.000000
3159 324.000000
3160 505.200000
3161 344.000000
3162 784.750000
3163 517.000000
3164 229.000000
3165 777.000000
3166 551.000000
3167 620.000000
3168 799.000000
3169 859.000000
3170 174.000000
3171 245.000000
3172 831.000000
3173 322.000000
3174 359.000000
3175 184.000000
3176 878.000000
3177 347.000000
3178 620.833333
3179 288.000000
3180 489.000000
3181 617.800000
3182 89.000000
3183 476.500000
3184 489.333333
3185 68.000000
3186 450.000000
3187 586.200000
3188 281.500000
3189 1034.333333
3190 169.000000
3191 345.500000
3192 442.000000
3193 142.000000
3194 73.000000
3195 405.666667
3196 857.000000
3197 226.000000
3198 416.250000
3199 121.000000
3200 39.000000
3201 658.500000
3202 167.666667
3203 341.666667
3204 1131.333333
3205 224.000000
3206 649.500000
3207 774.000000
3208 318.500000
3209 640.000000
3210 198.000000
3211 200.000000
3212 183.500000
3213 1131.000000
3214 541.333333
3215 223.000000
3216 341.000000
3217 315.000000
3218 540.000000
3219 239.833333
3220 791.000000
3221 692.000000
3222 462.000000
3223 181.000000
3224 2.000000
3225 321.000000
3226 673.000000
3227 693.000000
3228 234.000000
3229 139.000000
3230 459.500000
3231 531.000000
3232 590.875000
3233 230.666667
3234 35.000000
3235 147.000000
3236 551.000000
3237 1099.000000
3238 333.481481
3239 561.000000
3240 189.500000
3241 873.000000
3242 434.000000
3243 431.000000
3244 663.200000
3245 893.000000
3246 107.000000
3247 388.000000
3248 387.000000
3249 51.000000
3250 409.000000
3251 241.000000
3252 207.000000
3253 452.000000
3254 330.000000
3255 770.000000
3256 232.000000
3257 441.600000
3258 462.000000
3259 941.500000
3260 261.000000
3261 650.000000
3262 133.000000
3263 418.000000
3264 157.000000
3265 1157.000000
3266 324.285714
3267 800.500000
3268 103.000000
3269 274.000000
3270 450.000000
3271 275.000000
3272 366.500000
3273 698.500000
3274 217.000000
3275 541.000000
3276 488.000000
3277 27.000000
3278 418.333333
3279 598.000000
3280 132.000000
3281 1257.000000
3282 586.750000
3283 820.000000
3284 176.000000
3285 408.666667
3286 512.500000
3287 352.500000
3288 314.000000
3289 342.000000
3290 233.600000
3291 761.000000
3292 440.000000
3293 1357.000000
3294 194.000000
3295 670.000000
3296 183.000000
3297 1009.000000
3298 773.000000
3299 418.000000
3300 84.000000
3301 506.000000
3302 709.000000
3303 297.000000
3304 246.500000
3305 299.500000
3306 465.000000
3307 610.000000
3308 835.500000
3309 494.500000
3310 669.750000
3311 382.000000
3312 397.000000
3313 495.666667
3314 836.000000
3315 536.000000
3316 677.000000
3317 1392.000000
3318 1449.000000
3319 675.200000
3320 307.000000
3321 743.000000
3322 798.000000
3323 200.000000
3324 488.333333
3325 226.000000
3326 192.000000
3327 416.000000
3328 532.500000
3329 300.000000
3330 184.000000
3331 328.000000
3332 817.000000
3333 695.000000
3334 149.000000
3335 647.500000
3336 589.500000
3337 358.000000
3338 545.000000
3339 980.333333
3340 205.000000
3341 732.500000
3342 234.000000
3343 508.000000
3344 429.000000
3345 280.000000
3346 540.000000
3347 747.000000
3348 302.000000
3349 2532.000000
3350 461.571429
3351 552.500000
3352 657.000000
3353 677.000000
3354 177.000000
3355 352.500000
3356 383.000000
3357 151.750000
3358 347.000000
3359 473.333333
3360 376.000000
3361 107.000000
3362 185.000000
3363 485.000000
3364 30.000000
3365 335.000000
3366 690.500000
3367 666.000000
3368 71.000000
3369 742.000000
3370 78.000000
3371 149.000000
3372 1196.750000
3373 183.000000
3374 155.000000
3375 786.000000
3376 51.000000
3377 1182.500000
3378 1120.000000
3379 196.000000
3380 742.600000
3381 532.000000
3382 1204.000000
3383 183.000000
3384 495.000000
3385 407.000000
3386 587.333333
3387 505.500000
3388 478.000000
3389 295.000000
3390 1206.000000
3391 615.000000
3392 645.000000
3393 333.000000
3394 968.000000
3395 330.000000
3396 933.500000
3397 1120.500000
3398 359.000000
3399 779.500000
3400 113.000000
3401 609.333333
3402 1100.000000
3403 648.000000
3404 260.333333
3405 370.000000
3406 936.000000
3407 161.000000
3408 303.000000
3409 101.000000
3410 184.000000
3411 670.000000
3412 499.000000
3413 656.000000
3414 1460.500000
3415 653.000000
3416 896.333333
3417 1352.000000
3418 819.000000
3419 1693.000000
3420 359.000000
3421 749.500000
3422 204.000000
3423 61.000000
3424 676.000000
3425 823.000000
3426 741.666667
3427 99.000000
3428 1412.000000
3429 578.600000
3430 257.000000
3431 484.000000
3432 77.000000
3433 34.000000
3434 213.000000
3435 416.000000
3436 489.500000
3437 878.500000
3438 1168.000000
3439 1276.000000
3440 444.000000
3441 166.000000
3442 380.800000
3443 564.750000
3444 1646.000000
3445 4851.000000
3446 601.000000
3447 518.000000
3448 375.000000
3449 1797.000000
3450 1547.000000
3451 260.000000
3452 492.500000
3453 301.000000
3454 255.000000
3455 434.000000
3456 700.750000
3457 1209.500000
3458 197.000000
3459 122.000000
3460 1156.000000
3461 348.000000
3462 250.250000
3463 1117.000000
3464 499.000000
3465 510.000000
3466 715.333333
3467 185.000000
3468 420.000000
3469 439.500000
3470 797.000000
3471 786.000000
3472 443.333333
3473 338.000000
3474 356.000000
3475 709.000000
3476 693.500000
3477 429.000000
3478 406.000000
3479 330.000000
3480 259.000000
3481 654.000000
3482 563.200000
3483 420.000000
3484 3088.000000
3485 277.000000
3486 719.000000
3487 880.000000
3488 284.000000
3489 604.000000
3490 867.500000
3491 55.000000
3492 1416.000000
3493 201.000000
3494 627.000000
3495 932.500000
3496 1025.000000
3497 296.000000
3498 329.000000
3499 948.000000
3500 540.500000
3501 648.000000
3502 1829.000000
3503 131.000000
3504 553.666667
3505 453.000000
3506 496.500000
3507 318.000000
3508 361.000000
3509 307.000000
3510 793.250000
3511 384.000000
3512 1649.000000
3513 2409.000000
3514 556.333333
3515 1618.000000
3516 761.000000
3517 713.818182
3518 270.500000
3519 1711.000000
3520 293.000000
3521 350.000000
3522 732.500000
3523 327.333333
3524 430.000000
3525 373.000000
3526 282.000000
3527 199.000000
3528 562.000000
3529 624.000000
3530 442.000000
3531 191.000000
3532 264.000000
3533 1117.000000
3534 661.000000
3535 1029.000000
3536 870.777778
3537 573.625000
3538 635.000000
3539 502.500000
3540 293.000000
3541 82.000000
3542 551.000000
3543 654.000000
3544 550.000000
3545 237.000000
3546 502.500000
3547 301.333333
3548 465.000000
3549 894.500000
3550 459.000000
3551 401.000000
3552 498.000000
3553 149.500000
3554 38.000000
3555 901.800000
3556 1125.500000
3557 413.000000
3558 742.000000
3559 107.000000
3560 1033.000000
3561 131.000000
3562 301.500000
3563 202.000000
3564 225.000000
3565 437.000000
3566 362.000000
3567 221.000000
3568 716.500000
3569 204.000000
3570 171.000000
3571 767.000000
3572 110.000000
3573 209.000000
3574 349.666667
3575 217.250000
3576 1968.000000
3577 383.000000
3578 213.500000
3579 621.250000
3580 505.000000
3581 558.000000
3582 529.928571
3583 417.500000
3584 109.000000
3585 127.000000
3586 910.500000
3587 414.000000
3588 340.000000
3589 580.500000
3590 1649.666667
3591 605.000000
3592 157.000000
3593 367.000000
3594 655.000000
3595 806.153846
3596 730.000000
3597 819.000000
3598 925.000000
3599 869.000000
3600 1058.000000
3601 796.750000
3602 161.000000
3603 523.000000
3604 365.250000
3605 684.000000
3606 1675.000000
3607 261.000000
3608 664.000000
3609 286.000000
3610 408.000000
3611 213.000000
3612 1036.000000
3613 367.500000
3614 497.000000
3615 356.000000
3616 308.000000
3617 866.750000
3618 499.000000
3619 275.000000
3620 1096.800000
3621 767.000000
3622 422.000000
3623 925.000000
3624 289.000000
3625 412.000000
3626 538.000000
3627 457.000000
3628 2251.000000
3629 250.000000
3630 1069.000000
3631 1136.000000
3632 342.000000
3633 655.000000
3634 1312.000000
3635 693.000000
3636 333.000000
3637 695.000000
3638 420.500000
3639 684.166667
3640 219.000000
3641 1260.500000
3642 666.600000
3643 990.000000
3644 363.000000
3645 644.500000
3646 988.000000
3647 453.000000
3648 515.000000
3649 482.500000
3650 609.666667
3651 1435.000000
3652 1128.500000
3653 1325.000000
3654 962.666667
3655 2377.000000
3656 300.200000
3657 1084.000000
3658 137.000000
3659 630.000000
3660 207.000000
3661 192.000000
3662 841.000000
3663 324.000000
3664 271.000000
3665 940.000000
3666 880.800000
3667 151.500000
3668 752.000000
3669 147.000000
3670 788.000000
3671 431.666667
3672 494.000000
3673 946.000000
3674 271.000000
3675 303.500000
3676 711.000000
3677 1002.500000
3678 639.000000
3679 298.000000
3680 1099.000000
3681 2368.000000
3682 381.000000
3683 498.500000
3684 791.000000
3685 513.333333
3686 680.000000
3687 1691.000000
3688 271.500000
3689 479.000000
3690 1325.000000
3691 220.000000
3692 448.250000
3693 406.333333
3694 748.500000
3695 295.000000
3696 671.000000
3697 916.000000
3698 239.000000
3699 903.000000
3700 434.000000
3701 507.000000
3702 605.444444
3703 396.000000
3704 615.000000
3705 116.000000
3706 977.000000
3707 184.000000
3708 748.500000
3709 1030.000000
3710 1262.000000
3711 352.400000
3712 625.000000
3713 24.000000
3714 844.000000
3715 1640.000000
3716 614.800000
3717 217.000000
3718 644.000000
3719 970.000000
3720 336.000000
3721 906.000000
3722 1015.000000
3723 502.500000
3724 1264.000000
3725 340.000000
3726 1198.000000
3727 124.000000
3728 329.000000
3729 476.000000
3730 663.000000
3731 200.000000
3732 366.000000
3733 218.333333
3734 172.000000
3735 1574.000000
3736 1234.000000
3737 174.000000
3738 885.000000
3739 1083.500000
3740 416.000000
3741 691.000000
3742 448.000000
3743 1446.000000
3744 125.000000
3745 651.000000
3746 352.000000
3747 662.000000
3748 597.666667
3749 126.000000
3750 563.750000
3751 410.000000
3752 940.750000
3753 407.000000
3754 489.333333
3755 208.000000
3756 531.200000
3757 648.000000
3758 339.000000
3759 492.500000
3760 324.000000
3761 226.000000
3762 314.500000
3763 277.000000
3764 650.000000
3765 331.500000
3766 503.000000
3767 636.214286
3768 641.666667
3769 180.000000
3770 411.500000
3771 1467.666667
3772 1238.333333
3773 623.000000
3774 347.500000
3775 695.000000
3776 2030.000000
3777 1298.285714
3778 477.000000
3779 533.000000
3780 1301.000000
3781 108.000000
3782 415.500000
3783 986.500000
3784 418.000000
3785 959.000000
3786 1299.692308
3787 909.000000
3788 618.444444
3789 488.388889
3790 1532.000000
3791 975.000000
3792 64.000000
3793 817.000000
3794 1073.250000
3795 309.250000
3796 1312.666667
3797 472.250000
3798 282.000000
3799 570.666667
3800 362.000000
3801 121.000000
3802 611.500000
3803 229.000000
3804 747.000000
3805 159.000000
3806 1157.500000
3807 2739.000000
3808 101.000000
3809 1218.000000
3810 286.000000
3811 202.000000
3812 297.000000
3813 349.000000
3814 1151.666667
3815 167.000000
3816 951.000000
3817 438.000000
3818 756.500000
3819 815.000000
3820 1181.000000
3821 734.500000
3822 648.333333
3823 1986.000000
3824 70.000000
3825 592.000000
3826 234.000000
3827 119.000000
3828 929.000000
3829 582.000000
3830 839.000000
3831 868.000000
3832 822.000000
3833 844.000000
3834 677.750000
3835 714.000000
3836 512.333333
3837 1323.000000
3838 527.250000
3839 400.500000
3840 1129.000000
3841 731.555556
3842 1636.000000
3843 754.800000
3844 226.666667
3845 337.000000
3846 416.333333
3847 687.500000
3848 406.600000
3849 512.000000
3850 286.000000
3851 368.000000
3852 1066.000000
3853 280.000000
3854 1078.000000
3855 473.500000
3856 705.250000
3857 443.000000
3858 377.000000
3859 686.333333
3860 210.500000
3861 457.000000
3862 1001.666667
3863 214.000000
3864 743.500000
3865 600.000000
3866 824.500000
3867 160.000000
3868 1032.000000
3869 712.000000
3870 634.750000
3871 453.000000
3872 457.000000
3873 4133.000000
3874 1288.000000
3875 463.000000
3876 436.666667
3877 486.000000
3878 570.000000
3879 205.000000
3880 27.000000
3881 350.000000
3882 582.000000
3883 960.000000
3884 257.000000
3885 315.000000
3886 249.000000
3887 838.757576
3888 591.750000
3889 574.777778
3890 298.500000
3891 840.000000
3892 578.000000
3893 154.000000
3894 860.000000
3895 386.000000
3896 530.000000
3897 734.400000
3898 1303.000000
3899 392.000000
3900 883.875000
3901 889.750000
3902 543.000000
3903 431.500000
3904 191.000000
3905 140.000000
3906 731.500000
3907 502.916667
3908 1023.625000
3909 696.000000
3910 1874.000000
3911 829.000000
3912 455.000000
3913 1182.500000
3914 790.000000
3915 96.000000
3916 533.500000
3917 718.285714
3918 4181.000000
3919 588.000000
3920 451.000000
3921 464.500000
3922 674.000000
3923 1429.000000
3924 999.500000
3925 579.777778
3926 225.000000
3927 657.461538
3928 413.000000
3929 1183.500000
3930 166.000000
3931 585.794118
3932 859.400000
3933 736.450000
3934 1013.000000
3935 434.600000
3936 461.375000
3937 1337.000000
3938 912.828571
3939 977.000000
3940 1128.000000
3941 812.736842
3942 714.750000
3943 57.000000
3944 769.000000
3945 139.000000
3946 411.250000
3947 650.833333
3948 339.000000
3949 2362.000000
3950 591.000000
3951 1279.571429
3952 812.777778
3953 1044.000000
3954 339.000000
3955 861.666667
3956 878.000000
3957 1278.000000
3958 183.000000
3959 684.900000
3960 320.000000
3961 461.000000
3962 1455.400000
3963 508.625000
3964 720.833333
3965 490.000000
3966 418.000000
3967 588.500000
3968 998.000000
3969 2191.000000
3970 165.000000
3971 642.000000
3972 525.000000
3973 363.000000
3974 1351.000000
3975 734.000000
3976 668.000000
3977 805.301887
3978 5500.000000
3979 792.354839
3980 754.000000
3981 1119.000000
3982 462.000000
3983 124.000000
3984 1106.991713
