0 8.553733
1 17.006227
2 19.552717
3 20.813034
4 21.985402
5 23.132089
6 24.322570
7 24.923697
8 26.347721
9 26.937900
10 28.296283
11 29.294245
12 30.833197
13 30.694426
14 31.600623
15 32.740184
16 34.055409
17 35.632928
18 35.107405
19 37.037907
20 38.117222
21 38.501900
22 38.593825
23 41.700287
24 41.717687
25 44.719594
26 43.595918
27 43.753547
28 46.210526
29 48.425808
30 48.208776
31 48.640131
32 49.848800
33 51.397482
34 57.091729
35 53.397055
36 53.420136
37 58.478286
38 56.923002
39 55.748852
40 56.936709
41 58.713201
42 57.459207
43 58.768552
44 60.920512
45 60.454817
46 57.739550
47 65.347670
48 66.337506
49 70.821000
50 72.430754
51 73.431436
52 70.578522
53 73.478083
54 74.577087
55 69.707776
56 79.323323
57 74.765884
58 79.282247
59 86.229002
60 78.527174
61 77.795620
62 84.306809
63 85.883495
64 76.708158
65 84.249788
66 87.422343
67 81.875893
68 83.459693
69 85.458984
70 84.971087
71 84.930541
72 89.082960
73 80.337017
74 96.229167
75 84.850985
76 97.617359
77 93.286228
78 92.025469
79 110.984713
80 87.669492
81 105.109091
82 108.547926
83 114.236527
84 99.952452
85 117.134003
86 94.676145
87 109.860113
88 120.113014
89 104.141805
90 112.883094
91 109.996269
92 113.324022
93 122.539235
94 117.807466
95 120.061265
96 107.725100
97 102.568085
98 131.362851
99 109.736842
100 127.604545
101 118.534216
102 118.205314
103 107.362468
104 120.707729
105 127.394209
106 114.039578
107 128.170391
108 134.572700
109 132.948718
110 127.982659
111 125.500000
112 148.263768
113 128.049080
114 118.244966
115 120.762658
116 127.933333
117 122.629310
118 148.172043
119 133.064516
120 119.790850
121 142.420875
122 150.410909
123 159.745387
124 144.669202
125 149.550388
126 154.426923
127 167.768382
128 132.623574
129 169.625000
130 149.922078
131 156.783784
132 163.852679
133 173.795276
134 157.612500
135 171.991071
136 163.495413
137 187.165919
138 166.730964
139 176.878641
140 140.452128
141 195.959302
142 206.685279
143 193.405714
144 164.255435
145 206.156425
146 182.159091
147 215.373494
148 193.030769
149 182.652439
150 171.376923
151 175.708861
152 188.824242
153 193.207447
154 162.483221
155 182.590909
156 180.461538
157 209.736196
158 192.954248
159 207.116438
160 174.458904
161 200.482759
162 154.742188
163 181.900763
164 206.887218
165 192.764228
166 246.530303
167 177.744361
168 221.760000
169 279.790909
170 163.688000
171 208.040000
172 158.303571
173 206.923810
174 149.978571
175 213.521368
176 234.300885
177 209.250000
178 163.163793
179 179.718182
180 221.777778
181 235.081633
182 241.171717
183 169.794872
184 223.172414
185 156.881818
186 211.384615
187 253.879518
188 174.685185
189 193.861111
190 181.428571
191 228.026667
192 206.988764
193 247.653846
194 235.652174
195 284.426966
196 224.241379
197 268.833333
198 188.021277
199 206.465116
200 228.777778
201 242.708861
202 246.773333
203 182.657143
204 258.184211
205 191.106667
206 265.108434
207 213.734940
208 265.912500
209 238.623529
210 217.354839
211 195.769231
212 254.150685
213 282.875000
214 288.750000
215 201.238095
216 265.786885
217 276.132353
218 244.253731
219 298.148649
220 256.731343
221 237.107143
222 287.825397
223 233.690909
224 273.551724
225 262.016949
226 226.179104
227 206.016393
228 249.526316
229 189.189873
230 244.137931
231 172.064516
232 278.000000
233 224.137255
234 326.733333
235 289.415094
236 235.214286
237 248.714286
238 281.864407
239 293.534884
240 330.745455
241 240.238095
242 338.475000
243 282.764706
244 269.391304
245 272.195122
246 238.173913
247 360.230769
248 261.191489
249 286.512195
250 302.209302
251 300.094340
252 218.607143
253 210.891304
254 338.820513
255 276.837209
256 235.019231
257 261.632653
258 240.390244
259 331.529412
260 198.083333
261 265.773585
262 335.051282
263 451.369565
264 298.525000
265 437.050000
266 251.000000
267 364.641509
268 268.702128
269 412.694444
270 241.192308
271 376.281250
272 365.000000
273 250.843750
274 214.540541
275 294.189189
276 223.454545
277 326.121212
278 288.472222
279 259.225806
280 275.384615
281 253.904762
282 281.416667
283 387.909091
284 307.289474
285 467.195122
286 300.142857
287 210.515152
288 316.466667
289 292.764706
290 254.142857
291 293.578947
292 314.451613
293 337.050000
294 408.758621
295 228.233333
296 427.666667
297 279.404762
298 370.448276
299 237.956522
300 281.633333
301 312.761905
302 208.269231
303 347.157895
304 301.318182
305 385.214286
306 343.695652
307 224.028571
308 347.153846
309 287.031250
310 333.576923
311 226.166667
312 213.233333
313 240.884615
314 294.720000
315 380.681818
316 389.454545
317 276.583333
318 495.440000
319 392.875000
320 224.925926
321 361.333333
322 358.350000
323 248.714286
324 318.550000
325 498.133333
326 414.466667
327 225.576923
328 299.851852
329 277.533333
330 313.590909
331 319.833333
332 410.633333
333 364.437500
334 479.263158
335 326.935484
336 338.590909
337 406.000000
338 451.625000
339 413.458333
340 297.960000
341 304.600000
342 265.913043
343 195.000000
344 491.700000
345 386.880000
346 270.464286
347 248.833333
348 236.037037
349 348.812500
350 240.400000
351 293.176471
352 350.550000
353 298.894737
354 459.850000
355 228.772727
356 419.166667
357 171.294118
358 297.578947
359 529.812500
360 351.900000
361 334.066667
362 292.411765
363 193.785714
364 364.000000
365 491.000000
366 372.173913
367 332.350000
368 287.250000
369 420.136364
370 321.444444
371 347.875000
372 412.222222
373 317.071429
374 339.739130
375 542.111111
376 604.210526
377 205.133333
378 414.681818
379 266.466667
380 406.882353
381 656.333333
382 361.764706
383 414.875000
384 351.727273
385 203.800000
386 277.733333
387 155.909091
388 588.200000
389 309.941176
390 378.400000
391 171.750000
392 298.750000
393 677.500000
394 308.000000
395 505.923077
396 396.285714
397 450.210526
398 382.214286
399 345.210526
400 432.384615
401 345.384615
402 516.000000
403 337.000000
404 279.400000
405 308.000000
406 355.523810
407 343.615385
408 329.117647
409 493.000000
410 313.555556
411 439.666667
412 417.588235
413 331.263158
414 526.625000
415 455.357143
416 402.777778
417 361.157895
418 433.583333
419 247.523810
420 417.100000
421 238.687500
422 370.705882
423 441.300000
424 434.466667
425 684.636364
426 275.230769
427 450.812500
428 425.466667
429 305.076923
430 124.307692
431 285.444444
432 165.461538
433 301.000000
434 240.375000
435 342.000000
436 275.250000
437 335.272727
438 271.375000
439 356.333333
440 95.818182
441 436.000000
442 412.866667
443 353.000000
444 359.272727
445 424.333333
446 539.176471
447 371.333333
448 318.650000
449 387.444444
450 515.357143
451 421.909091
452 306.666667
453 540.909091
454 374.500000
455 538.363636
456 70.000000
457 318.181818
458 555.625000
459 359.909091
460 207.000000
461 572.000000
462 641.888889
463 284.500000
464 424.500000
465 266.875000
466 270.090909
467 378.222222
468 604.750000
469 386.750000
470 284.250000
471 122.545455
472 506.500000
473 566.142857
474 396.500000
475 348.375000
476 469.200000
477 240.333333
478 634.875000
479 601.857143
480 298.571429
481 330.500000
482 353.625000
483 591.571429
484 431.285714
485 374.142857
486 408.333333
487 551.000000
488 395.625000
489 198.833333
490 609.428571
491 654.500000
492 412.666667
493 277.400000
494 403.333333
495 369.375000
496 457.000000
497 125.833333
498 297.888889
499 1072.666667
500 367.400000
501 254.400000
502 266.250000
503 753.454545
504 969.500000
505 345.500000
506 345.222222
507 306.625000
508 256.000000
509 277.400000
510 263.909091
511 85.777778
512 320.846154
513 461.200000
514 204.300000
515 66.000000
516 416.250000
517 882.285714
518 240.181818
519 501.181818
520 356.700000
521 294.769231
522 412.888889
523 197.750000
524 230.000000
525 283.000000
526 406.692308
527 232.000000
528 219.666667
529 387.083333
530 561.333333
531 253.777778
532 449.272727
533 288.333333
534 239.600000
535 516.200000
536 311.166667
537 500.000000
538 781.428571
539 846.777778
540 224.285714
541 645.285714
542 656.000000
543 136.000000
544 408.090909
545 277.500000
546 222.666667
547 901.428571
548 587.000000
549 263.666667
550 413.000000
551 532.153846
552 574.750000
553 226.500000
554 640.000000
555 222.000000
556 314.375000
557 501.333333
558 289.600000
559 596.875000
560 498.500000
561 900.125000
562 364.833333
563 650.000000
564 685.250000
565 126.000000
566 76.500000
567 279.800000
568 426.800000
569 471.400000
570 470.666667
571 224.833333
572 742.333333
573 495.000000
574 706.666667
575 619.000000
576 265.166667
577 623.500000
578 957.666667
579 212.444444
580 664.200000
581 209.285714
582 801.666667
583 365.200000
584 863.333333
585 420.888889
586 673.250000
587 776.166667
588 528.800000
589 372.333333
590 592.000000
591 11.500000
592 829.000000
593 737.000000
594 412.600000
595 370.000000
596 584.333333
598 1067.500000
599 12.000000
600 559.600000
601 221.000000
602 581.000000
603 488.750000
604 837.600000
605 859.500000
606 663.000000
607 226.000000
608 759.666667
609 994.000000
610 258.400000
611 908.625000
612 367.000000
613 333.200000
614 350.000000
615 729.833333
616 820.000000
617 1066.750000
618 879.800000
619 506.500000
620 231.500000
621 680.000000
622 361.166667
623 716.750000
624 866.200000
625 430.833333
626 676.666667
627 740.333333
628 273.250000
629 466.500000
630 535.444444
631 363.333333
632 619.500000
633 482.571429
634 712.125000
635 170.333333
636 91.500000
637 499.666667
638 712.000000
639 975.285714
640 1701.000000
641 479.200000
642 541.333333
643 613.000000
644 507.000000
645 927.000000
646 288.375000
647 1117.000000
648 641.000000
649 698.000000
650 277.000000
651 12.000000
652 237.857143
653 628.333333
654 304.000000
655 506.500000
656 650.333333
657 681.571429
658 320.250000
659 414.142857
660 565.750000
661 574.200000
662 590.250000
663 64.000000
664 477.333333
665 486.000000
666 480.600000
667 281.000000
668 835.250000
670 280.000000
672 696.000000
673 813.500000
674 852.500000
675 38.000000
676 679.500000
677 304.500000
678 1622.000000
679 496.500000
680 447.000000
681 72.666667
682 202.500000
683 747.000000
684 353.750000
685 141.000000
686 1540.500000
687 802.000000
688 627.666667
689 685.600000
690 506.600000
691 475.500000
692 1062.666667
693 452.142857
694 2633.500000
695 461.666667
696 22.000000
697 408.000000
698 330.750000
699 386.250000
700 474.000000
701 678.500000
702 902.000000
703 630.666667
704 546.166667
705 410.250000
706 481.400000
707 745.000000
708 519.400000
709 49.000000
710 733.500000
711 562.666667
712 70.000000
713 241.000000
714 263.500000
715 539.000000
716 372.333333
717 448.600000
718 367.000000
719 116.500000
720 142.000000
721 770.000000
722 623.000000
723 371.333333
724 479.750000
725 484.000000
726 104.000000
727 1243.333333
728 664.666667
729 372.000000
730 679.250000
731 715.000000
732 281.250000
733 533.400000
734 7.000000
735 1100.000000
736 696.000000
737 148.500000
738 351.500000
740 309.000000
741 713.500000
742 574.000000
743 786.333333
744 280.600000
745 931.500000
746 1352.500000
747 539.000000
748 3187.000000
749 1411.000000
750 472.000000
751 48.000000
752 1384.000000
753 455.666667
754 810.000000
755 604.250000
756 787.000000
757 600.000000
758 588.500000
759 486.000000
760 609.333333
761 844.000000
762 155.000000
763 242.500000
764 531.000000
765 248.200000
766 2598.000000
767 1212.400000
768 634.000000
769 495.666667
770 1401.000000
771 438.666667
772 757.000000
773 1707.500000
774 478.666667
775 2.000000
776 909.500000
777 503.000000
779 448.333333
780 250.666667
781 686.000000
782 130.000000
783 310.400000
784 456.500000
785 1123.000000
786 312.000000
787 1103.200000
788 314.000000
789 246.500000
790 731.000000
791 103.000000
792 510.500000
793 258.000000
794 351.000000
796 1030.666667
797 466.333333
798 504.500000
799 10.000000
801 343.666667
802 1630.333333
803 397.000000
804 176.500000
805 447.000000
806 463.000000
807 677.500000
808 1181.333333
809 459.000000
810 1863.000000
812 284.000000
813 713.000000
814 505.800000
816 584.500000
818 182.000000
819 751.000000
820 153.500000
821 523.250000
822 608.000000
823 360.500000
824 289.000000
826 566.000000
827 533.000000
828 83.000000
829 1023.000000
830 850.000000
831 27.000000
832 791.000000
833 269.500000
834 534.333333
835 322.500000
838 909.333333
839 570.000000
840 407.666667
841 461.000000
842 475.333333
843 721.333333
844 1472.000000
845 437.666667
846 507.000000
847 2368.000000
848 446.666667
850 2126.000000
851 273.000000
852 495.800000
853 1104.000000
854 136.000000
855 245.000000
856 97.500000
857 648.000000
858 1087.250000
859 346.750000
860 88.000000
861 567.000000
863 424.000000
864 1295.000000
866 486.000000
867 19.000000
868 343.500000
869 1072.500000
870 196.000000
872 200.500000
873 94.000000
874 375.000000
875 604.000000
876 623.500000
878 323.000000
879 758.250000
880 421.000000
881 404.333333
882 534.000000
884 1550.000000
885 1088.333333
886 127.000000
887 525.000000
888 173.000000
889 363.000000
890 110.000000
891 356.000000
892 1693.000000
893 364.000000
895 469.500000
896 1300.000000
897 443.000000
899 1102.500000
900 447.500000
901 367.000000
902 1283.000000
903 437.500000
904 315.666667
906 601.000000
907 96.000000
908 373.200000
909 2551.000000
910 2043.000000
913 227.500000
914 576.500000
915 961.000000
916 136.000000
917 1130.000000
918 752.000000
920 283.000000
921 214.000000
922 505.000000
923 667.666667
924 1939.000000
925 1084.500000
926 731.500000
927 542.000000
928 779.200000
929 868.500000
930 226.500000
932 831.000000
933 683.000000
935 32.000000
936 853.750000
937 640.000000
938 332.333333
939 364.000000
940 358.000000
941 616.500000
944 124.000000
945 369.000000
946 773.500000
947 429.000000
948 615.666667
949 202.000000
950 67.000000
951 1115.000000
952 639.000000
953 963.500000
954 26.000000
955 1030.000000
956 2150.000000
957 62.000000
958 895.000000
959 43.000000
960 369.000000
962 3162.000000
963 1041.000000
964 1670.000000
965 654.000000
967 637.500000
968 360.000000
969 771.500000
970 1233.000000
971 660.000000
972 1325.000000
973 761.000000
974 286.000000
975 546.000000
976 526.000000
977 81.000000
978 638.000000
979 586.000000
980 448.500000
982 477.333333
983 638.800000
984 482.000000
986 68.000000
987 860.333333
989 374.000000
991 505.000000
992 765.000000
993 203.000000
995 229.000000
997 466.250000
998 384.000000
999 323.000000
1000 93.000000
1003 78.000000
1004 305.000000
1006 748.666667
1007 503.000000
1008 596.666667
1009 320.000000
1010 450.000000
1011 2261.000000
1014 616.000000
1015 124.500000
1017 813.000000
1021 195.000000
1022 788.000000
1023 220.500000
1024 123.000000
1025 698.666667
1026 352.500000
1027 543.500000
1029 2223.000000
1030 657.500000
1031 402.000000
1032 445.000000
1033 255.000000
1034 998.500000
1037 132.000000
1038 712.000000
1039 579.000000
1041 305.000000
1043 1169.000000
1044 640.000000
1045 646.000000
1046 1319.000000
1047 549.666667
1048 340.000000
1049 853.333333
1050 836.500000
1051 483.000000
1052 212.000000
1054 1340.000000
1055 500.000000
1056 1074.000000
1058 339.333333
1059 2066.000000
1061 433.500000
1063 1030.000000
1065 801.000000
1067 532.500000
1068 505.500000
1069 106.000000
1070 477.000000
1071 69.000000
1073 467.666667
1074 1069.000000
1075 152.000000
1076 387.000000
1077 511.000000
1079 198.000000
1080 500.000000
1081 475.500000
1082 1226.000000
1083 359.000000
1084 1016.000000
1085 35.000000
1086 363.000000
1089 1596.500000
1091 33.000000
1092 2739.000000
1093 693.000000
1095 561.750000
1096 400.500000
1097 865.500000
1098 423.000000
1100 1755.000000
1101 1541.500000
1103 1663.000000
1105 290.500000
1106 314.000000
1107 573.000000
1108 384.000000
1109 1115.000000
1111 609.666667
1112 620.000000
1113 605.000000
1114 1320.000000
1116 267.000000
1117 887.000000
1121 598.250000
1122 76.000000
1123 743.000000
1126 171.000000
1127 624.000000
1128 3647.000000
1130 1863.000000
1131 399.500000
1134 278.000000
1135 15.000000
1137 234.000000
1140 354.000000
1142 1429.000000
1143 374.000000
1147 195.000000
1148 205.000000
1149 207.000000
1150 765.000000
1151 300.000000
1152 475.000000
1154 200.500000
1157 61.000000
1158 585.500000
1161 523.000000
1162 23.000000
1163 225.500000
1164 593.000000
1166 145.000000
1168 598.500000
1169 918.000000
1172 887.000000
1173 124.000000
1174 435.000000
1175 6501.000000
1176 462.000000
1177 236.000000
1181 783.000000
1182 1210.000000
1184 222.000000
1185 381.000000
1186 366.000000
1187 167.000000
1190 210.000000
1191 410.000000
1192 453.000000
1194 567.000000
1195 14.000000
1198 643.500000
1199 427.000000
1200 140.000000
1203 161.000000
1207 938.000000
1208 210.500000
1209 35.000000
1211 516.500000
1212 116.000000
1214 1598.000000
1217 500.000000
1218 2485.000000
1221 356.000000
1222 1967.000000
1226 2368.000000
1227 101.000000
1230 545.000000
1232 4117.000000
1233 159.000000
1234 600.000000
1235 513.000000
1237 2110.000000
1239 873.000000
1241 511.000000
1242 1487.000000
1244 1839.000000
1245 2647.000000
1246 1200.000000
1247 1921.000000
1248 1008.000000
1251 519.000000
1253 972.000000
1257 596.000000
1258 2069.000000
1259 721.000000
1261 31.000000
1263 406.000000
1264 302.000000
1265 146.000000
1267 566.666667
1268 2978.000000
1269 599.000000
1273 473.000000
1274 558.000000
1275 778.500000
1278 216.000000
1279 1009.000000
1281 616.000000
1282 396.000000
1283 1834.333333
1287 1553.500000
1288 302.000000
1289 275.000000
1290 592.000000
1291 936.000000
1292 1225.000000
1293 269.500000
1295 798.000000
1296 1032.000000
1297 550.500000
1299 253.500000
1300 643.000000
1301 751.500000
1302 155.000000
1304 840.000000
1306 841.333333
1307 502.000000
1308 1278.000000
1309 444.500000
1311 644.500000
1312 1144.000000
1313 82.000000
1314 286.000000
1315 27.000000
1316 669.500000
1318 601.000000
1321 427.000000
1327 2375.000000
1328 798.500000
1330 293.000000
1332 878.000000
1333 1807.000000
1335 1118.000000
1337 966.000000
1341 605.000000
1343 489.000000
1346 632.000000
1351 65.000000
1354 1424.000000
1355 339.000000
1360 989.000000
1361 663.000000
1362 592.000000
1363 727.000000
1366 448.000000
1370 961.000000
1372 1190.000000
1378 1036.000000
1379 9875.000000
1381 1202.000000
1387 916.000000
1390 899.000000
1391 768.000000
1392 320.000000
1393 248.000000
1396 815.000000
1397 1917.000000
1398 171.000000
1405 1348.000000
1408 1116.000000
1414 1775.000000
1416 2161.000000
1417 1626.000000
1420 66.000000
1425 1279.000000
1426 1091.000000
1429 858.000000
1430 400.000000
1435 666.000000
1438 3462.000000
1439 184.000000
1440 2368.000000
1441 406.000000
1446 346.000000
1448 755.000000
1449 1294.000000
1452 1198.000000
1455 144.000000
1456 478.000000
1465 1349.000000
1474 461.000000
1476 1435.000000
1479 1056.333333
1480 216.000000
1481 1093.000000
1482 131.000000
1485 466.000000
1487 324.000000
1489 830.000000
1491 203.000000
1492 45.000000
1495 1197.000000
1500 782.500000
1501 526.000000
1502 639.000000
1504 213.000000
1506 1320.000000
1507 556.000000
1512 499.500000
1513 950.000000
1514 1089.000000
1519 719.500000
1524 236.000000
1527 1031.000000
1528 1309.000000
1530 391.000000
1531 268.000000
1532 137.000000
1539 354.000000
1541 24.000000
1542 587.000000
1543 404.500000
1547 679.000000
1548 2301.000000
1549 866.000000
1560 478.000000
1565 593.500000
1566 782.000000
1568 1231.000000
1569 3729.000000
1576 1122.000000
1577 994.000000
1578 28.000000
1579 2735.500000
1581 582.000000
1585 209.500000
1587 216.000000
1590 931.000000
1591 840.000000
1592 645.333333
1594 907.000000
1599 111.000000
1601 601.000000
1606 694.000000
1608 681.000000
1609 365.000000
1610 390.000000
1615 7626.000000
1618 4697.000000
1619 1577.000000
1621 449.000000
1626 946.000000
1633 14455.000000
1634 2002.000000
1640 76.000000
1653 5500.000000
1654 695.000000
1659 684.500000
1662 1498.000000
1663 591.000000
1665 766.500000
1667 32.000000
1668 139.000000
1674 1061.000000
1676 386.000000
1684 2088.000000
1691 532.000000
1694 347.500000
1695 522.000000
1699 1893.000000
1702 845.000000
1703 970.500000
1706 1140.000000
1714 278.000000
1715 1667.000000
1722 431.500000
1726 1608.000000
1730 1523.000000
1731 624.000000
1732 700.000000
1733 552.000000
1743 538.000000
1745 599.000000
1752 1290.000000
1758 1220.000000
1768 1144.000000
1770 827.000000
1772 4631.000000
1774 880.500000
1777 644.000000
1779 465.000000
1783 3179.000000
1786 1197.000000
1788 1001.000000
1790 469.000000
1791 1224.000000
1797 651.000000
1800 153.000000
1808 394.000000
1812 565.500000
1814 487.000000
1815 125.000000
1826 562.000000
1838 842.000000
1840 508.000000
1853 679.000000
1855 839.000000
1866 2285.000000
1867 1029.000000
1876 141.000000
1877 776.000000
1880 560.000000
1883 1661.000000
1889 200.000000
1893 1062.000000
1908 657.000000
1910 490.000000
1917 989.000000
1919 253.000000
1923 436.000000
1928 2464.000000
1929 2344.000000
1936 2109.000000
1937 1087.000000
1938 753.000000
1948 477.000000
1951 78.000000
1958 87.000000
1960 2613.000000
1964 169.000000
1965 1877.000000
1973 470.000000
1974 633.000000
1976 1103.000000
1978 1416.000000
1984 2430.000000
1985 322.000000
1991 1656.000000
1994 522.000000
1996 1448.000000
2009 860.000000
2018 821.000000
2023 332.000000
2036 48.000000
2042 4913.000000
2049 135.000000
2051 979.000000
2056 1128.000000
2057 413.000000
2058 2603.000000
2060 252.000000
2068 617.500000
2070 166.000000
2075 730.000000
2081 1349.000000
2090 1972.500000
2093 111.000000
2107 65.000000
2110 567.000000
2112 753.000000
2114 2773.000000
2117 114.000000
2119 126.000000
2120 1513.000000
2133 390.000000
2134 260.000000
2138 711.000000
2142 321.000000
2143 2515.000000
2145 2768.000000
2152 965.000000
2153 1727.000000
2157 229.000000
2166 874.500000
2171 3697.500000
2176 100.000000
2178 570.000000
2181 1180.000000
2184 15.000000
2193 531.000000
2194 810.000000
2196 2737.000000
2207 3079.000000
2214 1700.000000
2220 1109.000000
2223 2677.000000
2226 826.000000
2230 439.000000
2237 1305.000000
2243 1662.000000
2250 1418.500000
2262 946.000000
2263 302.000000
2267 863.000000
2269 282.000000
2284 439.000000
2291 1239.000000
2294 101.000000
2300 542.000000
2314 686.000000
2316 997.000000
2317 45.000000
2330 508.000000
2333 4624.000000
2334 80.000000
2337 1300.000000
2339 2112.000000
2340 1207.000000
2341 1787.000000
2348 1469.000000
2349 1283.000000
2352 74.000000
2354 1314.000000
2357 1378.000000
2361 1376.000000
2363 1327.000000
2378 127.000000
2390 1167.000000
2400 600.000000
2406 1502.000000
2408 1329.000000
2421 588.000000
2425 949.000000
2443 2380.000000
2465 167.000000
2468 374.000000
2473 1308.000000
2474 910.000000
2476 2093.000000
2482 1538.000000
2488 1131.000000
2493 81.500000
2501 754.000000
2509 137.000000
2512 1950.000000
2517 15.000000
2518 120.000000
2528 465.000000
2531 1806.000000
2538 159.000000
2554 1551.000000
2558 2838.000000
2567 1057.000000
2570 360.000000
2580 1653.000000
2584 2740.000000
2593 499.000000
2596 292.000000
2599 294.000000
2604 657.000000
2625 105.000000
2635 1229.000000
2636 1388.000000
2637 1146.000000
2645 11112.000000
2649 1488.000000
2663 1025.000000
2673 2371.000000
2674 1987.000000
2682 1402.000000
2703 143.000000
2704 2131.000000
2723 408.000000
2724 221.000000
2728 900.000000
2745 43.000000
2747 927.000000
2750 596.000000
2753 1847.000000
2762 2091.000000
2763 152.000000
2819 153.000000
2823 1492.000000
2825 1017.000000
2826 446.000000
2830 39.000000
2835 282.000000
2836 549.000000
2847 744.000000
2848 356.000000
2853 1979.000000
2886 171.000000
2887 29.000000
2888 1879.000000
2897 337.000000
2900 818.000000
2929 1413.000000
2968 750.000000
2977 184.000000
2994 2642.000000
3001 802.000000
3005 450.000000
3012 86.000000
3026 1592.000000
3036 1254.000000
3051 573.000000
3061 1076.000000
3062 581.000000
3068 1237.000000
3076 825.000000
3077 3689.000000
3097 657.000000
3112 924.000000
3113 907.000000
3122 1363.000000
3124 472.000000
3131 850.000000
3147 989.000000
3177 396.000000
3222 237.000000
3244 850.000000
3247 2039.000000
3255 854.000000
3267 632.000000
3288 1981.000000
3299 340.000000
3302 909.000000
3309 274.000000
3336 579.000000
3366 1336.000000
3376 744.000000
3379 470.000000
3449 177.000000
3460 368.000000
3560 89.000000
3575 417.000000
3577 106.000000
3581 1845.000000
3584 282.000000
3585 512.000000
3587 951.000000
3609 2138.000000
3616 642.000000
3623 389.000000
3646 512.000000
3665 641.000000
3679 773.000000
3683 151.000000
3697 728.000000
3699 1193.000000
3707 2061.000000
3723 1553.000000
3731 1590.000000
3755 534.000000
3814 1137.000000
3878 2919.000000
3902 2867.000000
3992 1217.000000
3996 1207.000000
4087 1232.000000
4101 940.000000
4131 894.000000
4168 2431.000000
4186 556.000000
4346 3379.000000
4438 2315.000000
4460 1629.000000
4475 891.000000
4957 836.000000
5059 1276.000000
5266 2922.000000
