0 0.249778
1 0.760654
2 0.974338
3 1.038198
4 1.217401
5 1.320962
6 1.264440
7 1.492833
8 1.538431
9 1.600491
10 1.648766
11 1.738156
12 1.830790
13 1.862818
14 1.973106
15 2.059839
16 2.094451
17 2.308434
18 2.257855
19 2.275380
20 2.334034
21 2.260041
22 2.529733
23 2.610704
24 2.851492
25 2.613612
26 2.910805
27 2.803681
28 2.946201
29 2.980241
30 2.903889
31 3.054482
32 3.352371
33 3.185420
34 3.245604
35 3.548459
36 3.742031
37 3.485019
38 3.494512
39 3.403277
40 3.972708
41 3.612403
42 3.654522
43 3.724583
44 3.546636
45 4.261346
46 3.874795
47 3.994434
48 3.942470
49 4.120120
50 3.788534
51 4.153718
52 4.796802
53 4.262636
54 4.587368
55 4.608921
56 4.774600
57 4.800247
58 3.904814
59 4.350816
60 4.242392
61 4.186298
62 5.084848
63 5.151613
64 5.491979
65 4.688889
66 4.899593
67 4.262463
68 4.851412
69 5.249240
70 5.349736
71 5.892063
72 6.379249
73 5.941901
74 5.740675
75 5.537234
76 4.617060
77 6.246403
78 5.458407
79 6.458678
80 6.105386
81 5.690335
82 6.733480
83 7.295556
84 6.107930
85 5.523909
86 6.888143
87 5.615561
88 6.502439
89 6.800000
90 7.117207
91 7.086634
92 6.447500
93 7.193853
94 6.747899
95 6.808399
96 6.485380
97 7.912807
98 8.108187
99 6.858228
100 6.542636
101 8.730897
102 7.950617
103 9.150198
104 4.786543
105 8.830325
106 8.156794
107 7.411371
108 7.418605
109 7.988095
110 6.892857
111 8.745968
112 7.387900
113 7.803030
114 7.908197
115 8.517241
116 9.000000
117 6.891738
118 8.171103
119 8.448780
120 9.053061
121 8.044177
122 6.950617
123 8.262712
124 8.194872
125 6.857143
126 7.981949
127 9.714829
128 9.074866
129 8.007246
130 6.639405
131 6.900433
132 7.301653
133 7.072243
134 6.358553
135 11.493902
136 7.515000
137 5.539062
138 8.578704
139 8.354839
140 9.909871
141 8.683060
142 6.808511
143 10.222222
144 10.126761
145 11.241830
146 8.557823
147 12.078788
148 9.254545
149 10.405882
150 9.714286
151 7.935484
152 8.735000
153 5.833333
154 11.315068
155 12.194805
156 11.556291
157 8.105042
158 9.105263
159 9.945205
160 7.986486
161 10.310734
162 11.761905
163 9.248521
164 10.630769
165 11.172662
166 12.500000
167 9.590909
168 11.624204
169 8.726368
170 9.954248
171 9.726619
172 9.005155
173 8.062241
174 9.978873
175 10.007937
176 8.975207
177 11.886792
178 10.529412
179 8.506579
180 11.980583
181 10.426230
182 13.009009
183 9.535354
184 12.357143
185 9.166667
186 8.322368
187 10.739837
188 12.236641
189 14.416667
190 9.186275
191 11.350877
192 11.775281
193 9.240741
194 10.243243
195 10.971154
196 11.494949
197 13.581818
198 9.886364
199 10.260870
200 16.184783
201 11.536765
202 10.666667
203 9.539823
204 11.213740
205 10.587719
206 12.732673
207 12.697248
208 12.692308
209 10.037383
210 14.214286
211 12.984375
212 16.204301
213 13.134146
214 9.416000
215 6.792208
216 9.762712
217 15.377551
218 10.963855
219 12.634921
220 17.156627
221 18.833333
222 10.565217
223 14.447917
224 11.266667
225 8.634731
226 11.569620
227 16.253012
228 16.223684
229 11.670000
230 13.229167
231 6.406452
232 12.068966
233 10.974138
234 16.212766
235 8.303030
236 12.739130
237 9.608333
238 10.962500
239 13.045045
240 9.440000
241 14.841463
242 15.986301
243 14.558140
244 14.337500
245 14.961905
246 12.600000
247 19.684211
248 10.683544
249 16.821429
250 17.521127
251 14.781022
252 20.711864
253 11.671053
254 11.731481
255 15.384615
256 19.618182
257 13.275000
258 9.530000
259 13.817518
260 15.318841
261 18.303571
262 8.734375
263 17.913043
264 15.229508
265 14.436620
266 18.289855
267 12.440476
268 8.562500
269 15.370370
270 21.222222
271 20.900000
272 20.687500
273 20.789474
274 17.283951
275 15.861111
276 14.298246
277 9.130081
278 13.343750
279 19.203704
280 13.448980
281 12.460317
282 11.282609
283 17.276596
284 14.258065
285 10.040984
286 9.654545
287 18.250000
288 12.647727
289 14.301887
290 17.600000
291 9.750000
292 16.920000
293 14.760000
294 18.000000
295 7.058333
296 18.083333
297 14.958904
298 22.190476
299 14.172414
300 22.936170
301 21.303571
302 13.032258
303 13.660000
304 21.482143
305 6.763819
306 19.130435
307 17.262295
308 14.626866
309 20.780488
310 11.381579
311 23.714286
312 24.567568
313 16.548387
314 8.211864
315 16.885714
316 22.439024
317 17.478261
318 21.971831
319 22.752809
320 22.950000
321 12.805556
322 18.350000
323 13.676471
324 21.714286
325 29.233333
326 23.622222
327 27.272727
328 9.780000
329 19.228571
330 17.516129
331 21.791045
332 17.843137
333 17.655172
334 22.529412
335 26.282051
336 23.031250
337 21.734694
338 23.837209
339 23.235294
340 22.212121
341 18.820513
342 23.150000
343 21.857143
344 21.567568
345 20.600000
346 15.781250
347 7.305263
348 18.512821
349 12.048780
350 5.421875
351 23.633333
352 29.062500
353 26.277778
354 14.142857
355 22.703704
356 9.143939
357 26.181818
358 13.365385
359 17.393939
360 18.653846
361 18.263158
362 21.159091
363 11.468750
364 24.515152
365 26.793103
366 28.093023
367 18.790698
368 28.840000
369 6.846154
370 21.296296
371 22.441176
372 22.333333
373 10.116667
374 23.805556
375 18.953488
376 24.892857
377 18.666667
378 18.757576
379 18.227273
380 15.148148
381 17.303030
382 16.304348
383 8.980392
384 23.363636
385 23.642857
386 8.358209
387 19.370370
388 20.185185
389 21.432432
390 20.187500
391 21.400000
392 16.586207
393 28.500000
394 19.227273
395 14.234043
396 19.343750
397 27.300000
398 21.200000
399 11.634146
400 27.409091
401 22.400000
402 12.950000
403 18.807692
404 15.333333
405 28.583333
406 14.903226
407 23.592593
408 19.354839
409 17.473684
410 23.350000
411 21.580645
412 28.343750
413 23.333333
414 17.000000
415 26.866667
416 21.192308
417 29.736842
418 27.529412
419 21.531250
420 29.187500
421 25.714286
422 21.210526
423 22.538462
424 22.409091
425 21.965517
426 23.894737
427 29.000000
428 30.650000
429 4.295082
430 20.230769
431 16.710526
432 5.276923
433 32.043478
434 19.900000
435 25.657895
436 22.904762
437 18.333333
438 35.600000
439 37.300000
440 28.000000
441 17.093023
442 28.410256
443 21.192308
444 26.375000
445 29.181818
446 25.903226
447 28.000000
448 26.861111
449 22.916667
450 14.217391
451 20.241935
452 17.545455
453 22.285714
454 25.272727
455 16.571429
456 35.700000
457 20.838710
458 29.360000
459 19.565217
460 7.685279
461 30.133333
462 23.851852
463 15.096154
464 36.125000
465 25.333333
466 20.500000
467 20.333333
468 31.071429
469 37.354839
470 22.120000
471 27.837838
472 37.553191
473 22.833333
474 26.700000
475 21.733333
476 19.567568
477 14.166667
478 22.000000
479 20.925926
480 29.958333
481 13.526316
482 19.500000
483 13.207547
484 19.869565
485 25.529412
486 23.611111
487 16.800000
488 31.756098
489 31.045455
490 29.526316
491 37.848485
492 25.114286
493 24.882353
494 22.250000
495 43.692308
496 25.200000
497 19.263158
498 33.551724
499 24.150000
500 32.407407
501 22.789474
502 23.923077
503 17.333333
504 20.833333
505 22.105263
506 27.722222
507 27.363636
508 21.842105
509 23.363636
510 21.545455
511 21.352941
512 25.555556
513 35.181818
514 24.588235
515 22.440000
516 25.333333
517 26.428571
518 23.318182
519 40.529412
520 29.062500
521 26.235294
522 36.142857
523 36.230769
524 32.230769
525 23.375000
526 28.882353
527 28.125000
528 29.888889
529 16.640000
530 2.248227
531 21.285714
532 42.285714
533 32.857143
534 25.666667
535 26.590909
536 36.625000
537 28.454545
538 20.761905
539 20.500000
540 25.950000
541 21.625000
542 30.181818
543 28.380952
544 35.666667
545 19.833333
546 41.615385
547 25.142857
548 51.250000
549 21.825000
550 35.272727
551 19.833333
552 23.363636
553 34.681818
554 22.411765
555 34.478261
556 29.210526
557 32.120000
558 26.600000
559 20.347826
560 35.550000
561 19.567568
562 7.193798
563 32.421053
564 24.806452
565 20.000000
566 27.384615
567 21.000000
568 30.370370
569 26.812500
570 33.727273
571 31.692308
572 44.142857
573 26.166667
574 33.263158
575 38.750000
576 20.600000
577 26.000000
578 26.432432
579 24.777778
580 37.200000
581 47.094340
582 29.962963
583 48.375000
584 43.545455
585 34.904762
586 28.736842
587 27.720000
588 19.875000
589 35.200000
590 25.392857
591 25.500000
592 28.727273
593 24.312500
594 27.157895
595 13.809524
596 32.259259
597 24.400000
598 21.573770
599 36.761905
600 37.562500
601 45.428571
602 13.090909
603 35.555556
604 34.090909
605 24.071429
606 31.750000
607 27.842105
608 29.000000
609 49.562500
610 25.812500
611 41.514286
612 37.933333
613 28.500000
614 37.028571
615 28.363636
616 38.200000
617 26.916667
618 9.210526
619 41.000000
620 22.857143
621 27.461538
622 27.909091
623 10.803922
624 33.111111
625 43.529412
626 19.583333
627 18.250000
628 72.047619
629 31.428571
630 33.100000
631 28.500000
632 29.117647
633 50.153846
634 33.687500
635 30.000000
636 31.263158
637 37.300000
638 38.000000
639 32.230769
640 39.600000
641 24.777778
642 28.733333
643 28.625000
644 16.700000
645 37.461538
646 34.000000
647 50.571429
648 37.454545
649 41.142857
650 40.000000
651 25.619048
652 21.000000
653 52.272727
654 40.578947
655 32.583333
656 65.337838
657 17.714286
658 23.909091
659 47.181818
660 13.000000
661 47.285714
662 23.333333
663 37.826087
664 34.272727
665 41.882353
666 34.214286
667 30.454545
668 36.052632
669 42.250000
670 32.812500
671 24.000000
672 24.272727
673 44.000000
674 35.117647
675 25.866667
676 31.307692
677 28.166667
678 24.210526
679 30.000000
680 25.866667
681 41.200000
682 17.400000
683 38.636364
684 20.166667
685 29.611111
686 25.652174
687 36.363636
688 33.636364
689 31.117647
690 26.650000
691 36.480000
692 36.714286
693 15.666667
694 18.125000
695 20.083333
696 24.428571
697 39.000000
698 52.666667
699 46.400000
700 39.771429
701 21.750000
702 34.153846
703 42.500000
704 21.857143
705 70.714286
706 40.363636
707 38.333333
708 29.625000
709 17.400000
710 49.400000
711 40.400000
712 40.888889
713 30.000000
714 33.857143
715 34.600000
716 36.181818
717 43.636364
718 38.333333
719 40.375000
720 50.428571
721 21.250000
722 23.333333
723 31.555556
724 32.400000
725 14.900000
726 32.615385
727 26.000000
728 44.000000
729 49.400000
730 25.250000
731 34.666667
732 44.888889
733 26.733333
734 42.441860
735 24.666667
736 10.800000
737 35.750000
738 43.000000
739 31.777778
740 34.100000
741 63.571429
742 27.000000
743 36.250000
744 35.952381
745 35.333333
746 30.130435
747 37.687500
748 41.666667
749 64.750000
750 45.875000
751 27.500000
752 35.250000
753 33.333333
754 44.857143
755 51.750000
756 47.500000
757 30.125000
758 53.933333
759 44.142857
760 31.181818
761 21.555556
762 45.800000
763 17.222222
764 60.200000
765 33.900000
766 31.333333
767 32.600000
768 57.666667
769 36.000000
770 16.421053
771 41.235294
772 35.333333
773 52.555556
774 28.181818
775 22.300000
776 36.714286
777 40.166667
778 46.600000
779 62.200000
780 54.727273
781 18.888889
782 33.125000
783 37.666667
784 32.200000
785 48.222222
786 13.750000
787 74.571429
788 53.727273
789 47.900000
790 33.705882
791 41.380952
792 16.714286
793 46.454545
794 44.181818
795 55.666667
796 38.125000
797 31.900000
798 33.923077
799 47.888889
800 27.777778
801 34.111111
802 39.833333
803 38.375000
804 33.555556
805 75.375000
806 17.400000
807 30.052632
808 51.000000
809 25.800000
810 32.375000
811 12.125000
812 41.846154
813 45.000000
814 32.461538
815 31.538462
816 33.444444
817 35.500000
818 33.500000
819 54.125000
820 35.714286
821 12.666667
822 48.250000
823 82.200000
824 34.000000
825 56.571429
826 27.444444
827 35.800000
828 19.333333
829 59.000000
830 33.200000
831 17.166667
832 20.000000
833 34.285714
834 39.000000
835 26.500000
836 44.111111
837 42.125000
838 42.812500
839 52.666667
840 79.285714
841 36.000000
842 19.545455
843 73.571429
844 28.600000
845 45.615385
846 28.928571
847 61.000000
848 40.000000
849 105.125000
850 42.181818
851 51.692308
852 17.800000
853 44.090909
854 20.333333
855 37.625000
856 32.666667
857 52.125000
858 86.000000
859 30.875000
860 22.000000
861 18.739130
862 32.000000
863 55.812500
864 41.615385
865 70.357143
866 26.272727
867 31.666667
868 18.857143
869 40.750000
870 37.571429
871 48.666667
872 43.181818
873 47.000000
874 5.418605
875 43.333333
876 43.000000
877 38.125000
878 32.769231
879 29.500000
880 25.625000
881 23.090909
882 40.000000
883 13.000000
884 25.000000
885 13.750000
886 26.750000
887 59.333333
888 42.000000
889 24.333333
890 61.125000
891 32.416667
892 36.000000
893 23.454545
894 39.000000
895 21.666667
896 45.400000
897 25.700000
898 41.428571
899 8.571429
900 41.000000
901 27.555556
902 67.800000
903 29.846154
904 19.916667
905 64.000000
906 38.500000
907 19.571429
908 63.666667
909 32.600000
910 41.000000
911 44.200000
912 34.384615
913 13.909091
914 51.666667
915 48.375000
916 32.545455
917 36.500000
918 51.400000
919 93.000000
920 48.500000
921 36.625000
922 49.750000
923 47.700000
924 42.100000
925 32.555556
926 55.500000
927 72.333333
928 31.777778
929 29.800000
930 20.333333
931 88.200000
932 33.000000
933 46.800000
934 2.333333
935 34.400000
936 30.800000
937 35.857143
938 27.714286
939 34.769231
940 34.500000
941 62.000000
942 27.800000
943 21.428571
944 7.466667
945 48.076923
946 25.666667
947 16.000000
948 33.100000
949 32.909091
950 67.333333
951 26.142857
952 11.857143
953 49.750000
954 3.500000
955 40.555556
956 49.000000
957 22.333333
958 30.600000
959 66.333333
960 89.800000
961 46.000000
962 71.833333
963 29.000000
964 32.133333
965 53.000000
966 52.111111
967 24.285714
968 37.666667
969 26.571429
970 45.500000
971 53.333333
972 29.714286
973 31.600000
974 72.833333
975 51.500000
976 52.666667
977 38.777778
978 65.384615
979 76.000000
980 34.125000
981 177.000000
982 48.500000
983 42.285714
984 69.857143
985 31.100000
986 56.272727
987 56.300000
988 47.250000
989 20.000000
990 40.666667
991 40.000000
992 34.500000
993 64.500000
994 38.250000
995 56.000000
996 14.000000
997 33.285714
998 23.428571
999 47.500000
1000 35.428571
1001 19.333333
1002 47.444444
1003 48.062500
1004 37.200000
1005 47.500000
1006 52.714286
1007 29.200000
1008 39.800000
1009 8.416667
1010 3.478571
1011 22.000000
1012 32.500000
1013 44.500000
1014 52.333333
1015 37.750000
1016 26.600000
1017 27.000000
1018 16.000000
1019 51.875000
1020 59.000000
1021 28.333333
1022 65.285714
1023 46.000000
1024 59.000000
1025 58.375000
1026 33.666667
1027 61.000000
1028 10.750000
1029 28.400000
1030 40.400000
1031 52.500000
1032 49.666667
1033 53.444444
1034 32.500000
1035 37.333333
1036 41.666667
1037 42.666667
1038 46.666667
1039 44.000000
1040 40.200000
1041 49.666667
1042 69.000000
1043 41.444444
1044 28.300000
1045 19.600000
1046 34.111111
1047 64.500000
1048 21.000000
1049 26.000000
1050 37.400000
1051 7.500000
1052 24.166667
1053 11.933333
1054 42.875000
1055 34.571429
1056 47.833333
1057 99.000000
1058 52.615385
1059 60.833333
1060 75.812500
1061 18.222222
1062 37.777778
1063 54.000000
1064 65.000000
1065 33.500000
1066 60.142857
1067 70.500000
1068 31.333333
1069 16.000000
1070 62.200000
1071 52.500000
1072 10.000000
1073 39.500000
1074 20.500000
1075 49.666667
1076 34.571429
1077 50.800000
1078 49.833333
1079 47.250000
1080 17.500000
1081 37.000000
1082 28.000000
1083 81.000000
1084 49.214286
1085 35.750000
1086 37.750000
1087 35.100000
1088 35.600000
1089 53.166667
1090 48.500000
1091 51.000000
1092 79.000000
1093 2.000000
1094 28.333333
1095 71.000000
1096 42.500000
1097 41.250000
1098 29.555556
1099 23.400000
1100 26.250000
1101 70.166667
1102 68.714286
1103 21.142857
1104 93.500000
1105 34.400000
1106 23.000000
1107 121.500000
1108 19.000000
1109 24.400000
1110 46.750000
1111 25.000000
1112 59.500000
1113 37.800000
1114 44.000000
1115 53.142857
1116 16.200000
1117 50.363636
1118 60.235294
1119 14.000000
1120 41.285714
1121 39.200000
1122 33.666667
1123 77.222222
1124 53.000000
1125 43.000000
1126 97.666667
1127 43.714286
1128 65.000000
1129 24.000000
1130 49.666667
1131 26.000000
1132 52.000000
1133 40.857143
1134 35.000000
1135 61.000000
1136 70.700000
1137 30.333333
1138 35.571429
1139 22.333333
1140 69.818182
1141 43.666667
1142 29.000000
1143 34.000000
1144 31.500000
1145 57.428571
1146 55.600000
1147 24.166667
1148 46.500000
1149 43.500000
1150 39.000000
1151 44.333333
1152 91.400000
1153 55.500000
1154 29.250000
1155 29.250000
1156 29.416667
1157 44.272727
1158 60.666667
1159 32.500000
1160 21.272727
1161 77.750000
1162 46.875000
1163 48.333333
1164 60.800000
1165 51.428571
1166 56.750000
1167 74.800000
1168 49.333333
1169 51.200000
1170 75.142857
1171 59.400000
1172 29.500000
1173 43.800000
1174 41.500000
1175 47.000000
1176 24.750000
1177 69.285714
1178 40.500000
1179 17.000000
1180 46.500000
1181 46.750000
1182 36.285714
1183 61.900000
1184 51.666667
1185 18.333333
1186 34.666667
1187 30.666667
1188 65.000000
1189 44.666667
1190 37.833333
1191 37.800000
1192 59.333333
1193 57.000000
1194 65.833333
1195 38.750000
1196 29.875000
1197 113.000000
1198 16.250000
1199 54.000000
1200 60.750000
1201 26.600000
1202 101.333333
1203 32.333333
1204 46.714286
1205 79.000000
1206 145.000000
1207 41.333333
1208 55.714286
1209 55.375000
1210 43.166667
1211 106.000000
1212 82.333333
1213 17.333333
1214 122.857143
1215 67.000000
1216 30.100000
1217 72.000000
1218 44.600000
1219 31.000000
1220 58.428571
1221 29.142857
1222 54.200000
1223 77.000000
1224 38.750000
1225 0.000000
1226 38.285714
1227 65.000000
1228 44.666667
1229 18.666667
1230 36.333333
1231 43.857143
1232 120.750000
1233 66.000000
1234 29.222222
1235 40.666667
1236 45.500000
1237 28.285714
1238 76.571429
1239 54.000000
1240 41.000000
1241 57.500000
1242 19.500000
1243 34.333333
1244 31.857143
1245 52.333333
1246 61.000000
1247 5.416667
1248 34.200000
1249 44.666667
1250 46.000000
1251 46.700000
1252 16.000000
1253 43.230769
1254 40.333333
1255 59.250000
1256 53.333333
1257 41.600000
1258 36.500000
1259 96.000000
1260 22.333333
1261 48.000000
1262 44.666667
1263 39.857143
1264 34.250000
1265 26.500000
1266 74.000000
1267 49.666667
1268 59.444444
1269 50.000000
1270 29.666667
1271 104.000000
1272 66.600000
1273 61.000000
1274 27.133333
1275 16.250000
1276 25.666667
1277 40.000000
1278 68.000000
1279 29.000000
1280 37.600000
1281 45.333333
1282 87.333333
1283 32.500000
1284 45.000000
1285 37.818182
1286 73.333333
1287 47.000000
1288 79.000000
1289 52.000000
1290 16.000000
1291 101.000000
1292 19.666667
1293 38.000000
1294 55.200000
1295 66.800000
1296 34.142857
1297 40.500000
1298 6.000000
1299 4.000000
1300 29.500000
1301 63.333333
1302 40.222222
1303 51.000000
1304 30.200000
1305 23.000000
1306 31.250000
1307 81.000000
1308 82.500000
1309 54.625000
1310 76.833333
1311 56.400000
1312 153.000000
1313 75.833333
1314 57.200000
1315 47.000000
1316 29.500000
1317 6.571429
1318 66.333333
1319 84.800000
1320 35.666667
1321 24.000000
1322 56.285714
1323 66.142857
1324 49.000000
1325 37.000000
1326 84.000000
1327 36.666667
1328 96.000000
1329 69.666667
1330 46.000000
1331 46.666667
1332 48.000000
1333 69.250000
1334 97.800000
1335 45.900000
1336 59.083333
1337 20.100000
1338 54.666667
1339 44.600000
1340 62.000000
1341 46.000000
1342 62.250000
1343 24.666667
1344 34.600000
1345 16.750000
1346 38.333333
1347 81.000000
1348 38.333333
1349 34.000000
1350 69.285714
1351 9.250000
1352 62.000000
1353 44.416667
1354 45.111111
1355 46.666667
1356 19.500000
1357 32.750000
1358 44.318182
1359 34.333333
1360 52.250000
1361 66.000000
1362 59.000000
1363 76.500000
1364 54.555556
1365 54.714286
1366 59.250000
1367 48.625000
1368 81.666667
1369 47.416667
1370 15.500000
1371 13.000000
1372 65.000000
1373 67.000000
1374 33.500000
1375 15.000000
1376 95.600000
1377 49.000000
1378 22.500000
1379 76.428571
1380 97.500000
1381 23.000000
1382 81.166667
1383 62.800000
1384 29.500000
1385 70.000000
1386 57.500000
1387 50.333333
1388 47.000000
1389 52.200000
1390 82.500000
1391 36.250000
1392 31.000000
1393 8.500000
1394 23.500000
1395 13.500000
1396 46.000000
1397 86.000000
1398 48.857143
1399 63.200000
1400 31.000000
1401 36.333333
1402 70.500000
1403 18.000000
1404 59.750000
1405 22.000000
1406 55.000000
1407 28.333333
1408 58.333333
1409 37.000000
1410 138.250000
1411 30.666667
1412 26.666667
1413 50.000000
1414 72.333333
1415 37.250000
1416 25.000000
1417 99.666667
1418 19.909091
1419 40.000000
1420 60.000000
1421 74.500000
1422 0.000000
1423 90.250000
1424 2.000000
1425 52.500000
1426 50.000000
1427 23.800000
1428 5.913043
1429 54.800000
1430 68.222222
1431 25.833333
1432 79.000000
1433 70.333333
1434 60.333333
1435 9.777778
1436 46.833333
1437 42.000000
1438 28.000000
1439 56.000000
1440 65.400000
1441 15.250000
1442 49.400000
1443 57.000000
1444 28.333333
1445 27.333333
1446 24.666667
1447 88.750000
1448 56.000000
1449 80.357143
1450 79.800000
1451 9.000000
1452 52.600000
1453 131.600000
1454 80.500000
1455 47.000000
1456 67.666667
1457 37.000000
1458 34.600000
1459 53.833333
1460 53.000000
1461 95.000000
1462 45.000000
1463 97.333333
1464 34.600000
1465 52.000000
1466 85.583333
1467 8.000000
1468 117.666667
1469 105.000000
1470 119.600000
1471 61.800000
1472 67.857143
1473 48.500000
1474 56.200000
1475 61.375000
1476 27.666667
1477 62.000000
1478 42.500000
1479 57.666667
1480 123.625000
1481 61.833333
1482 37.000000
1483 93.500000
1484 9.000000
1485 63.625000
1486 48.666667
1487 14.923077
1488 40.000000
1489 33.750000
1490 35.400000
1491 24.250000
1492 17.500000
1493 80.666667
1494 4.879518
1495 38.750000
1496 29.000000
1497 150.000000
1498 54.500000
1499 167.000000
1500 18.000000
1501 65.166667
1502 40.500000
1503 36.666667
1504 73.666667
1505 27.000000
1506 62.000000
1507 28.000000
1508 67.500000
1509 56.545455
1510 60.714286
1511 51.500000
1512 57.000000
1513 59.000000
1514 80.000000
1515 24.666667
1516 31.500000
1517 56.000000
1518 86.000000
1519 67.333333
1520 99.333333
1521 37.000000
1522 49.000000
1523 59.000000
1524 53.000000
1525 148.000000
1526 1.000000
1527 43.000000
1528 6.200000
1529 54.000000
1530 66.000000
1531 45.500000
1532 61.000000
1533 41.000000
1534 77.333333
1535 64.333333
1536 19.500000
1537 16.750000
1538 54.000000
1539 15.090909
1540 64.818182
1541 31.250000
1542 72.000000
1543 117.500000
1544 39.000000
1545 73.000000
1546 90.000000
1547 44.000000
1548 69.900000
1549 53.000000
1550 71.500000
1551 84.714286
1552 36.250000
1553 28.666667
1554 41.833333
1555 48.500000
1556 57.000000
1557 43.000000
1558 50.000000
1559 20.333333
1560 49.000000
1561 80.000000
1562 41.500000
1563 38.000000
1564 72.500000
1565 34.250000
1566 52.000000
1567 69.000000
1568 63.000000
1569 58.800000
1570 53.666667
1571 44.000000
1572 29.000000
1573 82.500000
1574 25.000000
1575 41.750000
1576 17.083333
1577 46.500000
1578 31.400000
1579 79.333333
1580 1.000000
1581 60.500000
1582 90.666667
1583 17.000000
1584 35.000000
1585 104.000000
1586 52.000000
1587 42.142857
1588 54.400000
1589 51.285714
1590 20.000000
1591 49.000000
1592 6.800000
1593 39.000000
1594 43.000000
1595 30.000000
1596 55.333333
1597 82.200000
1598 46.600000
1599 50.500000
1600 40.000000
1601 28.000000
1602 100.000000
1603 59.000000
1604 17.000000
1605 18.500000
1606 11.500000
1607 83.500000
1608 65.500000
1609 49.800000
1610 46.666667
1611 0.666667
1612 41.000000
1613 24.000000
1614 10.000000
1615 57.000000
1616 42.000000
1617 55.500000
1618 1.000000
1619 50.000000
1620 72.000000
1621 60.750000
1622 72.000000
1623 25.333333
1624 1.000000
1625 17.000000
1626 142.333333
1627 39.125000
1628 91.000000
1629 39.714286
1630 60.666667
1631 53.000000
1632 95.600000
1633 52.750000
1634 34.000000
1635 14.500000
1636 83.666667
1637 83.400000
1638 17.000000
1639 68.000000
1640 144.333333
1641 13.000000
1642 56.000000
1643 38.500000
1644 8.666667
1645 85.666667
1646 98.961538
1647 213.000000
1648 55.285714
1649 76.000000
1650 12.000000
1651 65.000000
1652 71.250000
1653 37.000000
1654 96.000000
1655 12.277778
1656 45.666667
1657 66.000000
1658 56.000000
1659 43.714286
1660 251.600000
1661 59.000000
1662 91.666667
1663 35.500000
1664 59.833333
1665 67.000000
1666 35.500000
1667 43.333333
1668 21.600000
1669 40.000000
1670 44.125000
1671 0.000000
1672 25.000000
1673 30.000000
1674 36.500000
1675 69.000000
1676 101.500000
1677 60.000000
1678 82.857143
1679 32.500000
1680 37.000000
1681 118.000000
1682 40.500000
1683 70.333333
1684 96.500000
1685 141.750000
1686 63.428571
1687 29.000000
1688 67.000000
1689 42.000000
1690 58.000000
1691 51.000000
1692 18.333333
1693 44.000000
1694 51.000000
1695 51.111111
1696 25.333333
1697 11.000000
1698 50.642857
1699 25.250000
1700 102.000000
1701 51.000000
1702 51.250000
1703 3.666667
1704 99.000000
1705 43.333333
1706 109.250000
1707 64.800000
1708 114.333333
1709 109.500000
1710 67.333333
1711 64.333333
1712 23.000000
1713 11.000000
1714 64.000000
1715 44.750000
1716 46.000000
1717 8.000000
1718 65.000000
1719 45.333333
1720 58.222222
1721 4.000000
1722 2.266332
1723 165.333333
1724 51.000000
1725 91.333333
1726 60.428571
1727 70.000000
1728 78.333333
1729 45.000000
1730 76.000000
1731 80.000000
1732 49.000000
1733 47.000000
1734 50.333333
1735 24.000000
1736 76.500000
1737 78.500000
1738 77.500000
1739 59.500000
1740 21.000000
1741 115.000000
1742 117.000000
1743 20.000000
1744 113.833333
1745 49.714286
1746 67.800000
1747 26.500000
1748 66.500000
1749 62.000000
1750 67.846154
1751 64.878788
1752 82.000000
1753 71.000000
1754 45.500000
1755 54.000000
1756 23.000000
1757 30.500000
1758 45.833333
1759 66.666667
1760 34.000000
1761 27.333333
1762 62.333333
1763 72.727273
1764 191.000000
1765 82.000000
1766 85.500000
1767 36.750000
1768 42.000000
1769 71.545455
1770 39.500000
1771 41.500000
1772 92.000000
1773 60.666667
1774 34.500000
1775 57.000000
1776 68.625000
1777 62.250000
1778 77.400000
1779 29.000000
1780 30.000000
1781 31.000000
1782 75.000000
1783 66.000000
1784 59.000000
1785 27.000000
1786 153.166667
1787 62.750000
1788 132.500000
1789 248.000000
1790 41.000000
1791 36.000000
1792 55.750000
1793 66.500000
1794 45.333333
1795 7.000000
1796 51.142857
1797 95.000000
1798 83.000000
1799 58.000000
1800 35.000000
1801 152.500000
1802 7.000000
1803 11.000000
1804 66.625000
1805 94.666667
1806 36.833333
1807 17.000000
1808 38.000000
1809 64.500000
1810 52.000000
1811 102.666667
1812 45.000000
1813 38.000000
1814 94.500000
1815 161.000000
1816 68.000000
1817 99.500000
1818 63.600000
1819 100.000000
1820 48.000000
1821 28.000000
1822 75.000000
1823 72.000000
1824 60.666667
1825 76.333333
1826 70.375000
1827 24.000000
1828 70.000000
1829 90.000000
1830 71.500000
1831 25.000000
1832 60.000000
1833 10.500000
1834 35.000000
1835 38.666667
1836 121.200000
1837 75.000000
1838 58.000000
1839 74.333333
1840 119.250000
1841 70.000000
1842 69.000000
1843 74.222222
1844 8.000000
1845 84.000000
1846 109.500000
1847 50.333333
1848 22.000000
1849 45.000000
1850 210.000000
1851 17.000000
1852 59.500000
1853 31.333333
1854 90.000000
1855 28.666667
1856 104.000000
1857 62.000000
1858 113.000000
1859 48.000000
1860 61.000000
1861 47.500000
1862 61.000000
1863 58.500000
1864 47.500000
1865 38.000000
1866 62.000000
1867 41.333333
1868 89.000000
1869 18.000000
1870 18.000000
1871 136.666667
1872 70.333333
1873 62.500000
1874 42.000000
1875 204.000000
1876 30.000000
1877 108.500000
1878 57.000000
1879 44.000000
1880 33.000000
1881 37.000000
1882 70.800000
1883 23.333333
1884 54.000000
1885 60.000000
1886 32.333333
1887 109.000000
1888 86.000000
1889 70.000000
1890 104.000000
1891 72.000000
1892 224.000000
1893 108.000000
1894 37.000000
1895 27.000000
1896 83.000000
1897 37.000000
1898 54.500000
1899 37.833333
1900 65.333333
1901 71.000000
1902 24.000000
1903 50.800000
1904 88.500000
1905 56.000000
1906 78.500000
1907 51.250000
1908 120.000000
1909 28.000000
1910 65.285714
1911 39.666667
1912 99.000000
1913 16.000000
1914 41.000000
1915 63.666667
1916 38.000000
1917 42.000000
1918 100.000000
1919 109.000000
1920 92.000000
1921 73.000000
1922 116.666667
1923 85.000000
1924 79.500000
1925 34.333333
1926 36.200000
1927 269.000000
1928 50.000000
1929 132.250000
1930 42.000000
1931 22.000000
1932 56.500000
1933 66.666667
1934 48.000000
1935 30.000000
1936 153.666667
1937 87.000000
1938 36.000000
1939 101.500000
1940 41.000000
1941 48.500000
1942 104.000000
1943 81.333333
1944 104.333333
1945 55.000000
1946 80.400000
1947 43.000000
1948 110.000000
1949 83.714286
1950 67.000000
1951 119.250000
1952 56.500000
1953 36.666667
1954 74.000000
1955 87.500000
1956 90.666667
1957 45.000000
1958 25.000000
1959 74.000000
1960 27.000000
1961 108.500000
1962 61.000000
1963 3.000000
1964 49.818182
1965 121.500000
1966 105.500000
1967 42.000000
1968 214.000000
1969 137.000000
1970 37.000000
1971 64.333333
1972 67.500000
1973 37.000000
1974 15.000000
1975 85.000000
1976 88.000000
1977 75.500000
1978 102.500000
1979 3.000000
1980 144.500000
1981 34.000000
1982 198.666667
1983 46.000000
1984 53.000000
1985 54.250000
1986 39.000000
1987 179.000000
1988 88.000000
1989 54.666667
1990 45.500000
1991 62.500000
1992 40.000000
1993 82.000000
1994 7.000000
1995 30.500000
1996 206.000000
1997 70.000000
1998 20.000000
1999 202.000000
2000 50.000000
2001 41.500000
2002 55.666667
2003 12.500000
2004 111.500000
2005 44.000000
2006 37.000000
2007 129.500000
2008 54.250000
2009 57.000000
2010 69.250000
2011 50.500000
2012 145.000000
2013 81.000000
2014 162.000000
2015 62.666667
2016 30.500000
2017 42.000000
2018 107.000000
2019 24.500000
2020 99.000000
2021 21.000000
2022 33.000000
2023 14.000000
2024 33.500000
2025 109.000000
2026 33.000000
2027 60.000000
2028 22.500000
2029 68.500000
2030 114.333333
2031 94.333333
2032 130.500000
2033 103.000000
2034 32.500000
2035 125.333333
2036 18.000000
2037 87.666667
2038 122.000000
2039 47.000000
2040 64.500000
2041 79.666667
2042 68.000000
2043 91.500000
2044 129.000000
2045 140.666667
2046 83.166667
2047 30.000000
2048 9.000000
2049 31.000000
2050 60.500000
2051 127.000000
2052 32.333333
2053 53.333333
2054 102.000000
2055 73.000000
2056 26.500000
2057 89.000000
2058 58.500000
2059 39.000000
2060 31.500000
2061 115.500000
2062 46.500000
2063 39.000000
2064 56.000000
2065 113.000000
2066 37.000000
2067 49.000000
2068 71.500000
2069 72.000000
2070 43.333333
2071 41.000000
2072 71.500000
2073 208.000000
2074 40.000000
2075 64.000000
2076 118.500000
2077 28.000000
2078 50.800000
2079 39.857143
2080 25.000000
2081 33.000000
2082 103.500000
2083 38.800000
2084 43.500000
2085 117.500000
2086 75.000000
2087 18.000000
2088 115.000000
2089 73.500000
2090 123.500000
2091 91.000000
2092 70.250000
2093 94.000000
2094 99.000000
2095 81.800000
2096 24.500000
2097 76.000000
2098 134.166667
2099 100.428571
2100 188.000000
2101 111.000000
2102 4.000000
2103 94.750000
2104 58.000000
2105 60.333333
2106 58.000000
2107 97.000000
2108 45.333333
2109 44.800000
2110 96.250000
2111 216.000000
2112 101.600000
2113 32.000000
2114 63.666667
2115 62.500000
2116 21.000000
2117 90.000000
2118 49.000000
2119 62.800000
2120 119.000000
2121 50.000000
2122 17.000000
2123 79.000000
2124 58.000000
2125 10.000000
2126 77.000000
2127 82.000000
2128 27.750000
2129 94.000000
2130 48.000000
2131 83.000000
2132 44.500000
2133 37.000000
2134 37.500000
2135 72.000000
2136 43.000000
2137 188.000000
2138 58.000000
2139 24.000000
2140 99.500000
2141 77.500000
2142 64.500000
2143 68.250000
2144 57.500000
2145 64.000000
2146 35.571429
2147 88.000000
2148 46.000000
2149 101.500000
2150 54.000000
2151 31.000000
2152 54.500000
2153 106.000000
2154 97.666667
2155 51.000000
2156 63.000000
2157 96.000000
2158 23.000000
2159 97.400000
2160 108.500000
2161 68.000000
2162 57.000000
2163 114.000000
2164 213.750000
2165 30.000000
2166 76.000000
2167 42.000000
2168 117.333333
2169 39.000000
2170 67.750000
2171 58.400000
2172 242.500000
2173 0.000000
2174 56.000000
2175 76.000000
2176 56.333333
2177 9.000000
2178 75.166667
2179 167.000000
2180 31.000000
2181 83.000000
2182 77.400000
2183 46.000000
2184 49.000000
2185 23.500000
2186 139.000000
2187 94.000000
2188 36.000000
2189 103.000000
2190 56.500000
2191 62.000000
2192 62.875000
2193 97.000000
2194 46.500000
2195 97.000000
2196 287.000000
2197 57.000000
2198 10.000000
2199 58.666667
2200 46.000000
2201 219.000000
2202 63.000000
2203 38.000000
2204 37.714286
2205 48.000000
2206 25.000000
2207 54.666667
2208 68.000000
2209 71.500000
2210 113.000000
2211 98.000000
2212 71.363636
2213 88.000000
2214 61.000000
2215 30.000000
2216 58.800000
2217 134.000000
2218 76.600000
2219 81.000000
2220 42.000000
2221 45.000000
2222 41.000000
2223 19.000000
2224 47.000000
2225 47.000000
2226 58.000000
2227 75.000000
2228 116.500000
2229 54.500000
2230 59.000000
2231 52.000000
2232 47.000000
2233 26.000000
2234 94.000000
2235 59.000000
2236 179.000000
2237 48.000000
2238 75.000000
2239 12.500000
2240 83.000000
2241 50.000000
2242 40.000000
2243 72.000000
2244 45.000000
2245 80.000000
2246 74.000000
2247 71.000000
2248 136.333333
2249 90.666667
2250 39.666667
2251 129.333333
2252 41.500000
2253 78.000000
2254 50.000000
2255 108.500000
2256 143.000000
2257 191.000000
2258 106.500000
2259 130.250000
2260 59.000000
2261 73.000000
2262 44.500000
2263 54.000000
2264 25.000000
2265 38.500000
2266 84.666667
2267 98.333333
2268 46.500000
2269 3.000000
2270 11.000000
2271 37.500000
2272 37.500000
2273 36.000000
2274 44.000000
2275 154.000000
2276 49.000000
2277 83.000000
2278 97.000000
2279 64.000000
2280 13.000000
2281 74.500000
2282 97.666667
2283 54.000000
2284 155.000000
2285 21.000000
2286 49.500000
2287 3.000000
2288 39.333333
2289 58.000000
2290 157.250000
2291 114.500000
2292 293.000000
2293 99.500000
2294 40.000000
2295 85.333333
2296 215.666667
2297 60.000000
2298 17.666667
2299 34.666667
2300 173.500000
2301 66.333333
2302 19.000000
2303 9.500000
2304 88.000000
2305 120.000000
2306 75.000000
2307 45.000000
2308 140.000000
2309 61.000000
2310 53.000000
2311 5.000000
2312 32.000000
2313 62.250000
2314 77.000000
2315 42.000000
2316 62.666667
2317 81.000000
2318 26.000000
2319 132.000000
2320 154.333333
2321 151.000000
2322 97.000000
2323 63.000000
2324 34.000000
2325 76.333333
2326 59.000000
2327 81.000000
2328 46.000000
2329 38.000000
2330 54.000000
2331 77.250000
2332 87.666667
2333 65.000000
2334 72.000000
2335 109.000000
2336 69.000000
2337 61.571429
2338 100.000000
2339 151.000000
2340 25.333333
2341 93.000000
2342 94.000000
2343 56.000000
2344 69.500000
2345 57.000000
2346 87.500000
2347 104.000000
2348 110.000000
2349 94.333333
2350 36.500000
2351 53.000000
2352 71.000000
2353 105.000000
2354 77.333333
2355 142.000000
2356 142.000000
2357 164.000000
2358 171.000000
2359 128.666667
2360 63.000000
2361 56.000000
2362 129.666667
2363 95.666667
2364 18.000000
2365 30.000000
2366 104.000000
2367 63.000000
2368 109.000000
2369 67.600000
2370 210.000000
2371 64.000000
2372 107.000000
2373 34.000000
2374 56.000000
2375 114.000000
2376 140.000000
2377 39.000000
2378 122.000000
2379 61.181818
2380 69.333333
2381 56.500000
2382 124.666667
2383 81.000000
2384 154.500000
2385 76.000000
2386 76.000000
2387 56.000000
2388 36.000000
2389 60.333333
2390 90.833333
2391 141.000000
2392 28.000000
2393 101.666667
2394 105.500000
2395 194.500000
2396 115.000000
2397 7.000000
2398 78.600000
2399 97.363636
2400 10.000000
2401 86.000000
2402 64.000000
2403 55.666667
2404 59.600000
2405 111.333333
2406 43.000000
2407 116.000000
2408 62.000000
2409 37.250000
2410 68.956522
2411 22.000000
2412 80.500000
2413 76.000000
2414 99.400000
2415 58.000000
2416 115.000000
2417 34.000000
2418 27.000000
2419 56.000000
2420 40.000000
2421 21.000000
2422 245.000000
2423 333.000000
2424 161.833333
2425 70.000000
2426 132.000000
2427 67.000000
2428 118.000000
2429 44.333333
2430 128.500000
2431 127.500000
2432 71.000000
2433 96.000000
2434 85.000000
2435 11.000000
2436 79.000000
2437 84.000000
2438 38.500000
2439 21.000000
2440 122.000000
2441 170.000000
2442 99.000000
2443 69.000000
2444 43.000000
2445 59.000000
2446 185.000000
2447 115.000000
2448 33.000000
2449 307.000000
2450 36.666667
2451 0.000000
2452 62.000000
2453 111.000000
2454 63.333333
2455 50.000000
2456 94.000000
2457 40.000000
2458 76.000000
2459 163.200000
2460 85.090909
2461 48.000000
2462 97.000000
2463 82.750000
2464 65.000000
2465 170.500000
2466 84.000000
2467 168.000000
2468 30.500000
2469 15.000000
2470 98.333333
2471 81.000000
2472 90.000000
2473 80.000000
2474 71.500000
2475 45.000000
2476 94.333333
2477 31.000000
2478 105.750000
2479 45.000000
2480 31.500000
2481 61.000000
2482 77.500000
2483 129.000000
2484 46.000000
2485 192.000000
2486 42.000000
2487 42.000000
2488 58.000000
2489 17.000000
2490 74.666667
2491 78.600000
2492 88.000000
2493 83.750000
2494 90.833333
2495 62.000000
2496 107.000000
2497 28.000000
2498 124.000000
2499 200.000000
2500 15.000000
2501 69.500000
2502 90.250000
2503 61.000000
2504 17.000000
2505 77.000000
2506 82.000000
2507 71.500000
2508 74.000000
2509 77.000000
2510 65.000000
2511 65.000000
2512 81.500000
2513 115.400000
2514 89.000000
2515 82.500000
2516 74.000000
2517 55.500000
2518 147.500000
2519 103.000000
2520 212.333333
2521 64.000000
2522 143.500000
2523 56.000000
2524 77.000000
2525 58.000000
2526 48.000000
2527 113.000000
2528 103.333333
2529 139.500000
2530 82.500000
2531 260.000000
2532 51.000000
2533 146.000000
2534 21.000000
2535 47.500000
2536 67.666667
2537 124.400000
2538 57.333333
2539 78.000000
2540 54.000000
2541 111.000000
2542 104.500000
2543 73.000000
2544 38.500000
2545 75.400000
2546 107.250000
2547 27.000000
2548 111.000000
2549 5.000000
2550 10.000000
2551 111.000000
2552 332.000000
2553 107.666667
2554 237.000000
2555 0.000000
2556 93.000000
2557 156.000000
2558 81.000000
2559 78.000000
2560 52.600000
2561 111.000000
2562 85.000000
2563 47.000000
2564 8.000000
2565 38.000000
2566 31.000000
2567 77.000000
2568 417.000000
2569 63.500000
2570 94.666667
2571 45.000000
2572 175.000000
2573 63.000000
2574 76.000000
2575 101.000000
2576 54.333333
2577 48.000000
2578 6.000000
2579 21.000000
2580 116.500000
2581 42.000000
2582 34.333333
2583 89.500000
2584 73.000000
2585 22.000000
2586 67.000000
2587 24.000000
2588 115.000000
2589 23.000000
2590 291.000000
2591 101.000000
2592 123.000000
2593 47.000000
2594 54.500000
2595 26.000000
2596 25.000000
2597 11.000000
2598 139.000000
2599 100.000000
2600 57.000000
2601 9.000000
2602 146.500000
2603 84.000000
2604 17.000000
2605 29.000000
2606 75.000000
2607 33.000000
2608 140.600000
2609 36.750000
2610 50.666667
2611 55.000000
2612 66.000000
2613 63.000000
2614 83.166667
2615 62.000000
2616 15.000000
2617 28.000000
2618 18.000000
2619 249.000000
2620 56.000000
2621 114.250000
2622 28.000000
2623 121.000000
2624 207.500000
2625 41.000000
2626 81.000000
2627 71.000000
2628 121.000000
2629 17.000000
2630 113.500000
2631 83.000000
2632 24.000000
2633 158.500000
2634 21.000000
2635 28.000000
2636 66.666667
2637 39.000000
2638 121.000000
2639 30.000000
2640 100.000000
2641 36.000000
2642 50.000000
2643 147.000000
2644 61.000000
2645 115.250000
2646 126.800000
2647 56.000000
2648 90.666667
2649 232.000000
2650 30.000000
2651 38.000000
2652 36.500000
2653 49.666667
2654 1.000000
2655 46.333333
2656 91.000000
2657 108.000000
2658 98.000000
2659 79.500000
2660 65.000000
2661 32.000000
2662 63.500000
2663 28.000000
2664 34.000000
2665 46.000000
2666 68.000000
2667 47.000000
2668 40.000000
2669 7.000000
2670 191.000000
2671 58.000000
2672 48.333333
2673 40.500000
2674 454.000000
2675 31.000000
2676 171.000000
2677 75.333333
2678 29.000000
2679 99.000000
2680 74.250000
2681 45.000000
2682 75.000000
2683 87.666667
2684 56.000000
2685 122.000000
2686 60.000000
2687 89.428571
2688 171.500000
2689 33.000000
2690 91.111111
2691 162.692308
2692 69.500000
2693 23.000000
2694 125.000000
2695 312.750000
2696 127.750000
2697 20.000000
2698 69.000000
2699 57.500000
2700 148.666667
2701 171.666667
2702 91.000000
2703 80.500000
2704 99.333333
2705 114.000000
2706 77.000000
2707 135.000000
2708 58.666667
2709 21.500000
2710 103.500000
2711 67.000000
2712 25.000000
2713 163.500000
2714 79.375000
2715 103.500000
2716 111.000000
2717 86.000000
2718 79.000000
2719 105.500000
2720 44.333333
2721 31.666667
2722 79.000000
2723 51.000000
2724 90.500000
2725 37.000000
2726 122.000000
2727 95.333333
2728 59.333333
2729 275.000000
2730 149.000000
2731 61.666667
2732 93.000000
2733 97.000000
2734 108.000000
2735 73.000000
2736 116.250000
2737 25.000000
2738 69.000000
2739 47.000000
2740 157.000000
2741 166.000000
2742 218.750000
2743 137.375000
2744 79.600000
2745 71.000000
2746 168.000000
2747 86.333333
2748 73.500000
2749 45.000000
2750 92.666667
2751 67.000000
2752 119.000000
2753 56.000000
2754 137.500000
2755 56.333333
2756 49.666667
2757 25.000000
2758 163.000000
2759 281.000000
2760 99.000000
2761 43.000000
2762 35.000000
2763 9.000000
2764 150.400000
2765 62.200000
2766 59.000000
2767 44.000000
2768 98.000000
2769 27.000000
2770 153.000000
2771 57.666667
2772 156.000000
2773 81.000000
2774 95.250000
2775 60.000000
2776 68.500000
2777 92.000000
2778 67.000000
2779 102.500000
2780 68.000000
2781 223.000000
2782 70.000000
2783 41.000000
2784 16.000000
2785 113.333333
2786 65.500000
2787 89.250000
2788 69.500000
2789 86.000000
2790 253.000000
2791 30.000000
2792 31.000000
2793 82.000000
2794 35.000000
2795 71.000000
2796 29.000000
2797 80.000000
2798 94.333333
2799 147.333333
2800 73.000000
2801 86.000000
2802 31.000000
2803 18.000000
2804 69.000000
2805 248.000000
2806 81.000000
2807 24.000000
2808 75.000000
2809 184.500000
2810 48.333333
2811 96.500000
2812 154.750000
2813 118.000000
2814 89.500000
2815 11.000000
2816 72.000000
2817 85.000000
2818 137.000000
2819 148.000000
2820 142.000000
2821 57.000000
2822 77.000000
2823 106.000000
2824 16.500000
2825 51.000000
2826 84.500000
2827 180.000000
2828 282.000000
2829 10.000000
2830 92.000000
2831 58.000000
2832 111.000000
2833 62.500000
2834 98.000000
2835 97.000000
2836 28.000000
2837 86.000000
2838 47.000000
2839 108.750000
2840 65.500000
2841 22.000000
2842 69.000000
2843 96.000000
2844 77.000000
2845 64.600000
2846 29.000000
2847 121.500000
2848 54.000000
2849 178.333333
2850 58.000000
2851 52.000000
2852 117.000000
2853 101.333333
2854 37.000000
2855 31.000000
2856 156.000000
2857 103.875000
2858 29.000000
2859 25.000000
2860 229.000000
2861 51.500000
2862 90.000000
2863 86.000000
2864 42.666667
2865 72.500000
2866 208.000000
2867 151.000000
2868 27.000000
2869 108.000000
2870 131.000000
2871 36.000000
2872 70.000000
2873 39.333333
2874 34.000000
2875 131.000000
2876 88.000000
2877 149.000000
2878 44.000000
2879 47.000000
2880 119.800000
2881 165.000000
2882 52.000000
2883 33.000000
2884 90.000000
2885 55.666667
2886 73.666667
2887 48.000000
2888 75.000000
2889 99.000000
2890 61.000000
2891 263.000000
2892 82.000000
2893 60.000000
2894 54.000000
2895 80.000000
2896 24.000000
2897 103.000000
2898 39.000000
2899 229.666667
2900 122.000000
2901 35.000000
2902 62.000000
2903 148.333333
2904 104.000000
2905 6.000000
2906 74.000000
2907 233.000000
2908 50.000000
2909 76.833333
2910 113.000000
2911 55.000000
2912 54.000000
2913 65.000000
2914 206.000000
2915 119.000000
2916 47.000000
2917 69.000000
2918 58.000000
2919 39.000000
2920 143.000000
2921 84.000000
2922 110.000000
2923 88.500000
2924 25.000000
2925 64.000000
2926 6.000000
2927 100.000000
2928 99.000000
2929 107.000000
2930 110.000000
2931 149.500000
2932 128.000000
2933 29.000000
2934 52.000000
2935 117.666667
2936 64.000000
2937 118.000000
2938 104.000000
2939 128.000000
2940 76.000000
2941 73.000000
2942 13.000000
2943 23.000000
2944 59.000000
2945 104.000000
2946 70.000000
2947 284.000000
2948 141.000000
2949 120.750000
2950 69.000000
2951 1.000000
2952 56.000000
2953 72.000000
2954 54.000000
2955 10.000000
2956 27.500000
2957 109.000000
2958 141.750000
2959 116.000000
2960 128.666667
2961 76.750000
2962 497.000000
2963 79.333333
2964 195.000000
2965 120.000000
2966 80.000000
2967 84.000000
2968 160.000000
2969 397.000000
2970 45.000000
2971 88.000000
2972 77.000000
2973 189.000000
2974 83.000000
2975 58.000000
2976 87.333333
2977 25.000000
2978 310.000000
2979 18.000000
2980 78.500000
2981 78.000000
2982 71.500000
2983 39.000000
2984 77.000000
2985 103.750000
2986 67.000000
2987 136.000000
2988 42.000000
2989 197.500000
2990 140.000000
2991 125.333333
2992 19.000000
2993 121.000000
2994 78.000000
2995 41.000000
2996 83.000000
2997 274.000000
2998 60.500000
2999 37.500000
3000 86.000000
3001 177.000000
3002 62.000000
3003 122.333333
3004 130.000000
3005 71.500000
3006 3.000000
3007 70.000000
3008 40.000000
3009 43.000000
3010 108.000000
3011 72.000000
3012 106.000000
3013 114.000000
3014 87.142857
3015 92.000000
3016 80.000000
3017 138.500000
3018 76.666667
3019 56.000000
3020 150.800000
3021 97.000000
3022 212.000000
3023 135.000000
3024 112.500000
3025 78.000000
3026 242.000000
3027 113.000000
3028 211.600000
3029 106.500000
3030 228.000000
3031 193.000000
3032 58.000000
3033 166.500000
3034 52.500000
3035 34.000000
3036 106.333333
3037 123.000000
3038 81.000000
3039 24.000000
3040 63.500000
3041 141.000000
3042 244.000000
3043 100.000000
3044 181.000000
3045 114.666667
3046 185.000000
3047 119.666667
3048 537.000000
3049 63.000000
3050 192.000000
3051 66.666667
3052 66.000000
3053 10.000000
3054 104.500000
3055 33.666667
3056 118.000000
3057 133.000000
3058 81.000000
3059 195.000000
3060 64.000000
3061 174.000000
3062 83.250000
3063 79.000000
3064 60.000000
3065 92.333333
3066 69.421053
3067 26.000000
3068 50.000000
3069 184.666667
3070 169.000000
3071 288.000000
3072 39.000000
3073 150.000000
3074 143.500000
3075 14.000000
3076 159.500000
3077 100.666667
3078 122.000000
3079 65.125000
3080 148.000000
3081 222.000000
3082 125.000000
3083 56.500000
3084 9.000000
3085 74.000000
3086 24.000000
3087 181.000000
3088 24.000000
3089 50.000000
3090 74.500000
3091 75.000000
3092 84.000000
3093 97.000000
3094 8.000000
3095 162.000000
3096 309.000000
3097 51.000000
3098 75.000000
3099 226.000000
3100 187.000000
3101 200.000000
3102 98.500000
3103 106.000000
3104 184.000000
3105 107.000000
3106 40.000000
3107 112.500000
3108 52.500000
3109 172.000000
3110 153.500000
3111 156.000000
3112 169.500000
3113 121.166667
3114 160.400000
3115 95.666667
3116 123.000000
3117 35.000000
3118 70.000000
3119 92.000000
3120 49.000000
3121 158.000000
3122 80.333333
3123 147.000000
3124 130.000000
3125 255.000000
3126 82.000000
3127 113.444444
3128 56.000000
3129 108.333333
3130 106.000000
3131 147.000000
3132 41.500000
3133 127.000000
3134 174.000000
3135 64.333333
3136 91.500000
3137 170.000000
3138 62.000000
3139 134.750000
3140 109.000000
3141 63.000000
3142 163.666667
3143 61.000000
3144 129.000000
3145 14.000000
3146 75.000000
3147 33.000000
3148 121.000000
3149 161.000000
3150 175.000000
3151 49.000000
3152 196.000000
3153 101.000000
3154 88.333333
3155 16.666667
3156 179.500000
3157 157.500000
3158 54.500000
3159 37.000000
3160 95.200000
3161 70.000000
3162 103.500000
3163 147.000000
3164 29.000000
3165 89.500000
3166 75.000000
3167 281.000000
3168 88.500000
3169 44.000000
3170 10.000000
3171 76.500000
3172 194.000000
3173 59.666667
3174 82.000000
3175 142.500000
3176 111.000000
3177 73.333333
3178 100.333333
3179 143.000000
3180 111.000000
3181 64.800000
3182 9.000000
3183 49.500000
3184 81.333333
3185 17.000000
3186 102.000000
3187 63.400000
3188 115.500000
3189 102.000000
3190 125.000000
3191 76.500000
3192 107.000000
3193 15.000000
3194 13.000000
3195 83.666667
3196 141.000000
3197 160.000000
3198 72.500000
3199 13.000000
3200 2.000000
3201 47.000000
3202 76.000000
3203 62.666667
3204 106.333333
3205 162.000000
3206 236.000000
3207 180.000000
3208 53.500000
3209 145.500000
3210 34.000000
3211 31.000000
3212 178.500000
3213 139.000000
3214 117.666667
3215 90.000000
3216 83.000000
3217 116.000000
3218 206.000000
3219 65.500000
3220 62.000000
3221 95.000000
3222 73.000000
3223 125.000000
3224 16.000000
3225 65.000000
3226 78.500000
3227 89.000000
3228 35.333333
3229 22.000000
3230 106.500000
3231 110.000000
3232 102.375000
3233 61.000000
3234 22.000000
3235 34.000000
3236 111.000000
3237 120.000000
3238 77.407407
3239 82.500000
3240 61.250000
3241 172.000000
3242 79.000000
3243 27.000000
3244 140.000000
3245 50.000000
3246 66.000000
3247 100.250000
3248 31.000000
3249 28.000000
3250 103.000000
3251 43.500000
3252 70.000000
3253 36.000000
3254 170.000000
3255 92.000000
3256 51.000000
3257 96.400000
3258 97.000000
3259 117.500000
3260 78.000000
3261 113.000000
3262 67.000000
3263 230.000000
3264 64.500000
3265 309.000000
3266 83.785714
3267 173.500000
3268 31.000000
3269 110.000000
3270 73.000000
3271 123.000000
3272 72.500000
3273 66.000000
3274 59.000000
3275 112.000000
3276 117.714286
3277 12.000000
3278 84.333333
3279 38.000000
3280 107.000000
3281 202.000000
3282 106.750000
3283 95.000000
3284 30.000000
3285 102.000000
3286 86.000000
3287 58.000000
3288 13.000000
3289 47.000000
3290 68.600000
3291 89.000000
3292 104.000000
3293 415.000000
3294 46.000000
3295 266.000000
3296 34.000000
3297 119.000000
3298 324.000000
3299 84.200000
3300 24.000000
3301 90.500000
3302 159.000000
3303 498.000000
3304 38.000000
3305 75.000000
3306 83.000000
3307 276.000000
3308 228.500000
3309 91.000000
3310 196.000000
3311 97.000000
3312 40.000000
3313 142.666667
3314 215.000000
3315 64.500000
3316 117.000000
3317 106.000000
3318 246.000000
3319 125.600000
3320 99.000000
3321 55.000000
3322 96.000000
3323 25.000000
3324 119.000000
3325 56.000000
3326 85.500000
3327 260.000000
3328 64.000000
3329 178.666667
3330 54.000000
3331 170.000000
3332 162.000000
3333 168.250000
3334 14.000000
3335 94.500000
3336 74.000000
3337 129.000000
3338 80.000000
3339 155.000000
3340 79.000000
3341 114.000000
3342 19.000000
3343 143.000000
3344 479.000000
3345 92.000000
3346 127.000000
3347 208.000000
3348 76.000000
3349 261.500000
3350 266.857143
3351 120.000000
3352 132.000000
3353 263.000000
3354 257.000000
3355 140.000000
3356 61.000000
3357 56.750000
3358 106.000000
3359 148.666667
3360 46.000000
3361 115.000000
3362 125.000000
3363 115.000000
3364 38.000000
3365 84.000000
3366 261.000000
3367 148.000000
3368 36.000000
3369 197.000000
3370 17.000000
3371 37.000000
3372 150.250000
3373 26.000000
3374 32.000000
3375 136.000000
3376 40.000000
3377 154.000000
3378 252.000000
3379 72.500000
3380 108.400000
3381 68.000000
3382 89.000000
3383 126.000000
3384 163.333333
3385 222.000000
3386 103.000000
3387 147.500000
3388 309.666667
3389 95.000000
3390 189.000000
3391 76.000000
3392 96.000000
3393 96.500000
3394 146.000000
3395 100.000000
3396 628.500000
3397 129.500000
3398 216.000000
3399 122.500000
3400 10.000000
3401 178.666667
3402 592.000000
3403 210.000000
3404 49.666667
3405 90.000000
3406 181.000000
3407 22.000000
3408 41.000000
3409 74.000000
3410 62.000000
3411 166.000000
3412 87.000000
3413 51.000000
3414 126.000000
3415 99.000000
3416 151.333333
3417 480.000000
3418 67.500000
3419 167.000000
3420 70.000000
3421 111.500000
3422 30.000000
3423 42.000000
3424 249.000000
3425 167.500000
3426 99.333333
3427 52.000000
3428 142.000000
3429 206.800000
3430 170.000000
3431 152.000000
3432 49.000000
3433 22.000000
3434 122.000000
3435 179.000000
3436 107.000000
3437 134.250000
3438 112.000000
3439 130.000000
3440 59.000000
3441 95.500000
3442 103.600000
3443 81.125000
3444 147.000000
3445 214.000000
3446 133.000000
3447 33.000000
3448 226.000000
3449 196.666667
3450 137.000000
3451 49.000000
3452 41.500000
3453 69.000000
3454 29.000000
3455 209.000000
3456 251.250000
3457 245.000000
3458 69.000000
3459 122.000000
3460 102.000000
3461 62.000000
3462 77.125000
3463 120.000000
3464 204.000000
3465 241.000000
3466 477.666667
3467 49.000000
3468 146.000000
3469 79.500000
3470 141.000000
3471 166.000000
3472 68.666667
3473 126.500000
3474 115.000000
3475 54.000000
3476 80.750000
3477 52.000000
3478 69.000000
3479 41.000000
3480 133.000000
3481 139.000000
3482 274.200000
3483 49.000000
3484 216.000000
3485 114.000000
3486 123.000000
3487 157.000000
3488 85.000000
3489 80.000000
3490 224.000000
3491 10.000000
3492 268.000000
3493 67.000000
3494 223.000000
3495 170.500000
3496 328.000000
3497 94.500000
3498 37.000000
3499 177.000000
3500 83.500000
3501 209.000000
3502 172.000000
3503 266.000000
3504 177.333333
3505 68.000000
3506 101.500000
3507 100.000000
3508 36.000000
3509 84.000000
3510 86.000000
3511 61.000000
3512 211.000000
3513 191.000000
3514 106.666667
3515 124.000000
3516 174.000000
3517 97.727273
3518 217.500000
3519 181.000000
3520 154.000000
3521 158.000000
3522 108.500000
3523 74.166667
3524 104.000000
3525 220.500000
3526 566.000000
3527 33.000000
3528 91.250000
3529 87.000000
3530 33.000000
3531 20.000000
3532 51.000000
3533 60.000000
3534 237.000000
3535 110.000000
3536 197.777778
3537 154.875000
3538 57.000000
3539 65.500000
3540 42.000000
3541 39.500000
3542 140.000000
3543 89.000000
3544 111.000000
3545 98.000000
3546 126.500000
3547 125.000000
3548 80.000000
3549 157.500000
3550 311.000000
3551 76.000000
3552 99.000000
3553 33.000000
3554 54.000000
3555 221.600000
3556 564.500000
3557 56.000000
3558 160.095238
3559 67.000000
3560 88.000000
3561 63.000000
3562 30.000000
3563 32.000000
3564 55.000000
3565 75.000000
3566 123.000000
3567 77.000000
3568 62.500000
3569 183.000000
3570 22.000000
3571 126.500000
3572 48.000000
3573 92.000000
3574 87.666667
3575 126.750000
3576 232.000000
3577 211.000000
3578 49.500000
3579 127.250000
3580 99.750000
3581 91.500000
3582 136.071429
3583 72.500000
3584 49.000000
3585 254.000000
3586 222.000000
3587 352.000000
3588 47.000000
3589 177.666667
3590 222.000000
3591 77.000000
3592 11.000000
3593 111.000000
3594 80.000000
3595 188.769231
3596 234.666667
3597 99.000000
3598 230.000000
3599 135.000000
3600 185.000000
3601 148.750000
3602 38.000000
3603 194.000000
3604 96.750000
3605 85.000000
3606 236.000000
3607 132.000000
3608 329.000000
3609 53.000000
3610 23.000000
3611 101.000000
3612 154.000000
3613 205.500000
3614 66.333333
3615 42.000000
3616 144.000000
3617 219.750000
3618 274.000000
3619 91.500000
3620 126.600000
3621 82.000000
3622 79.000000
3623 170.500000
3624 26.000000
3625 182.000000
3626 202.000000
3627 35.000000
3628 194.000000
3629 82.000000
3630 278.000000
3631 197.000000
3632 49.000000
3633 311.000000
3634 225.000000
3635 159.000000
3636 58.000000
3637 274.000000
3638 115.000000
3639 142.166667
3640 56.000000
3641 247.500000
3642 119.000000
3643 160.000000
3644 145.000000
3645 138.000000
3646 268.000000
3647 131.000000
3648 106.500000
3649 56.000000
3650 142.666667
3651 290.500000
3652 142.500000
3653 959.000000
3654 153.333333
3655 329.000000
3656 193.800000
3657 147.000000
3658 18.000000
3659 40.000000
3660 35.000000
3661 18.000000
3662 95.000000
3663 90.000000
3664 111.000000
3665 323.000000
3666 226.800000
3667 97.000000
3668 116.000000
3669 43.000000
3670 192.333333
3671 165.777778
3672 436.000000
3673 164.500000
3674 30.000000
3675 61.000000
3676 139.000000
3677 171.000000
3678 144.000000
3679 56.000000
3680 201.000000
3681 558.000000
3682 68.333333
3683 128.500000
3684 176.000000
3685 131.333333
3686 96.000000
3687 205.000000
3688 90.500000
3689 157.000000
3690 608.000000
3691 41.000000
3692 88.750000
3693 64.333333
3694 80.000000
3695 45.000000
3696 37.000000
3697 72.000000
3698 177.000000
3699 96.000000
3700 116.333333
3701 160.666667
3702 166.888889
3703 278.000000
3704 101.571429
3705 8.000000
3706 208.000000
3707 10.000000
3708 181.833333
3709 363.000000
3710 252.000000
3711 103.400000
3712 211.500000
3713 39.000000
3714 201.000000
3715 185.000000
3716 248.200000
3717 96.000000
3718 31.000000
3719 119.000000
3720 148.000000
3721 239.000000
3722 188.500000
3723 148.000000
3724 149.000000
3725 45.000000
3726 67.000000
3727 71.000000
3728 58.000000
3729 82.000000
3730 160.000000
3731 24.000000
3732 205.666667
3733 61.666667
3734 21.000000
3735 267.000000
3736 229.000000
3737 16.000000
3738 180.000000
3739 243.000000
3740 79.000000
3741 152.333333
3742 47.000000
3743 126.000000
3744 11.000000
3745 132.000000
3746 199.000000
3747 168.000000
3748 136.333333
3749 17.000000
3750 216.000000
3751 403.000000
3752 95.500000
3753 117.000000
3754 62.333333
3755 32.000000
3756 188.200000
3757 173.000000
3758 86.000000
3759 110.250000
3760 51.000000
3761 219.500000
3762 119.000000
3763 74.000000
3764 179.000000
3765 36.000000
3766 224.000000
3767 182.857143
3768 320.888889
3769 25.000000
3770 248.666667
3771 306.333333
3772 272.333333
3773 75.000000
3774 104.500000
3775 171.000000
3776 650.000000
3777 202.428571
3778 289.000000
3779 79.000000
3780 169.000000
3781 19.000000
3782 218.500000
3783 115.000000
3784 517.000000
3785 142.000000
3786 640.384615
3787 164.000000
3788 141.444444
3789 139.500000
3790 257.000000
3791 256.500000
3792 351.000000
3793 115.000000
3794 355.750000
3795 207.000000
3796 308.333333
3797 149.000000
3798 64.000000
3799 129.666667
3800 148.750000
3801 53.000000
3802 152.500000
3803 66.000000
3804 196.666667
3805 156.000000
3806 275.750000
3807 185.000000
3808 84.000000
3809 1354.000000
3810 339.000000
3811 82.500000
3812 20.000000
3813 17.000000
3814 199.333333
3815 67.000000
3816 183.500000
3817 37.000000
3818 419.500000
3819 124.000000
3820 179.000000
3821 162.500000
3822 186.333333
3823 337.000000
3824 30.000000
3825 156.000000
3826 82.000000
3827 13.000000
3828 152.000000
3829 148.000000
3830 570.000000
3831 203.000000
3832 402.000000
3833 241.000000
3834 160.750000
3835 181.000000
3836 169.666667
3837 182.000000
3838 168.500000
3839 251.000000
3840 179.000000
3841 244.888889
3842 260.000000
3843 217.450000
3844 123.000000
3845 146.000000
3846 251.333333
3847 226.500000
3848 89.400000
3849 700.000000
3850 127.000000
3851 116.000000
3852 149.000000
3853 72.000000
3854 322.000000
3855 114.500000
3856 144.000000
3857 104.000000
3858 161.000000
3859 112.000000
3860 82.500000
3861 118.000000
3862 216.333333
3863 33.000000
3864 414.500000
3865 330.000000
3866 382.500000
3867 29.000000
3868 127.000000
3869 106.000000
3870 105.750000
3871 145.000000
3872 105.000000
3873 511.000000
3874 528.000000
3875 39.000000
3876 166.000000
3877 87.000000
3878 224.000000
3879 90.500000
3880 91.000000
3881 526.000000
3882 169.000000
3883 310.285714
3884 104.000000
3885 45.000000
3886 275.000000
3887 213.636364
3888 199.250000
3889 127.222222
3890 129.500000
3891 348.750000
3892 209.000000
3893 139.000000
3894 341.000000
3895 48.000000
3896 90.000000
3897 220.200000
3898 308.000000
3899 42.000000
3900 267.000000
3901 273.500000
3902 145.000000
3903 170.000000
3904 84.000000
3905 474.000000
3906 165.000000
3907 237.583333
3908 414.375000
3909 152.000000
3910 278.000000
3911 95.000000
3912 242.000000
3913 124.000000
3914 982.000000
3915 191.000000
3916 253.000000
3917 193.714286
3918 568.000000
3919 194.000000
3920 247.000000
3921 166.166667
3922 242.666667
3923 741.000000
3924 118.000000
3925 148.000000
3926 122.000000
3927 233.846154
3928 84.250000
3929 268.500000
3930 12.000000
3931 182.735294
3932 319.200000
3933 347.350000
3934 273.500000
3935 182.600000
3936 166.875000
3937 393.000000
3938 331.514286
3939 287.333333
3940 351.000000
3941 380.894737
3942 315.625000
3943 33.000000
3944 350.000000
3945 39.000000
3946 84.000000
3947 182.833333
3948 265.000000
3949 952.000000
3950 460.000000
3951 369.942857
3952 225.444444
3953 130.000000
3954 184.000000
3955 164.000000
3956 268.000000
3957 675.000000
3958 67.000000
3959 203.666667
3960 187.500000
3961 364.000000
3962 233.800000
3963 318.875000
3964 220.500000
3965 201.000000
3966 66.000000
3967 309.500000
3968 696.000000
3969 419.000000
3970 58.000000
3971 1307.000000
3972 121.000000
3973 72.000000
3974 450.714286
3975 165.000000
3976 232.400000
3977 279.933962
3978 421.000000
3979 318.903226
3980 122.000000
3981 541.857143
3982 83.000000
3983 312.000000
3984 406.624309
