0 8.553733
1 17.142815
2 19.489413
3 20.934857
4 21.854640
5 23.465820
6 24.712748
7 26.075861
8 26.682435
9 28.475208
10 30.009151
11 30.283613
12 32.083596
13 32.634118
14 36.189109
15 35.786584
16 38.632464
17 40.889473
18 41.515973
19 44.309065
20 42.407047
21 47.860952
22 51.347570
23 53.630825
24 54.113489
25 57.199057
26 58.631988
27 63.908018
28 64.860386
29 64.509837
30 68.360717
31 74.453701
32 78.991066
33 76.554555
34 84.687300
35 80.424254
36 97.079431
37 86.241644
38 98.874767
39 82.665534
40 106.195035
41 111.247601
42 95.277778
43 115.624441
44 118.469388
45 148.043253
46 125.235720
47 132.694251
48 121.324756
49 171.698570
50 159.335888
51 158.659806
52 211.264624
53 188.008078
54 166.962121
55 182.000000
56 234.829703
57 217.193613
58 243.861856
59 215.572043
60 195.255361
61 215.281553
62 188.911223
63 237.967822
64 260.710602
65 246.793696
66 158.912844
67 296.024691
68 318.946360
69 309.452282
70 278.748466
71 253.322807
72 282.037288
73 251.759868
74 295.423387
75 291.699552
76 297.988417
77 287.162791
78 312.101852
79 325.508850
80 279.570866
81 302.992157
82 365.396761
83 313.701923
84 331.346939
85 333.127451
86 212.538153
87 312.681319
88 405.109453
89 222.362903
90 361.222857
91 124.900000
92 424.250000
93 415.573427
94 369.410256
95 404.715116
96 384.122699
97 377.942623
98 363.827957
99 396.981651
100 451.333333
101 400.219512
102 411.111111
103 421.729730
104 421.980952
105 473.000000
106 372.907216
107 388.007299
108 399.724771
109 410.712871
110 474.971963
111 452.989247
112 424.294574
113 436.582418
114 442.930233
115 408.120879
116 453.663366
117 550.263158
118 352.641509
119 474.721649
120 534.680000
121 424.685714
122 459.250000
123 470.685393
124 427.835052
125 503.262500
126 496.627119
127 446.210526
128 443.844444
129 393.123288
130 536.636364
131 408.023810
132 515.220588
133 570.000000
134 404.202532
135 538.363636
136 496.152542
137 554.656250
138 470.139535
139 435.552632
140 481.028986
141 470.000000
142 404.758621
143 531.792453
144 548.608108
145 573.515625
146 460.698113
147 510.807692
148 653.611765
149 579.224138
150 411.148936
151 564.770492
152 468.325000
153 553.104167
154 518.983871
155 483.088235
156 481.966667
157 477.323529
158 535.722222
159 451.277778
160 492.012658
161 567.925000
162 621.604651
163 552.049180
164 586.607143
165 521.437500
166 581.487805
167 389.210526
168 615.910714
169 443.259259
170 519.342105
171 547.958333
172 516.625000
173 539.586207
174 780.477477
175 692.416667
176 528.898305
177 709.484848
178 575.466667
179 665.537500
180 533.111111
181 713.512195
182 569.048951
183 826.256410
184 615.269841
185 637.769231
186 619.108696
187 706.857143
188 854.012569
