0 0.137585
1 0.421642
2 0.550171
3 0.644662
4 0.747871
5 0.858799
6 0.956391
7 1.086238
8 1.156104
9 1.312646
10 1.418644
11 1.517348
12 1.642826
13 1.766113
14 1.999494
15 2.084479
16 2.243908
17 2.449431
18 2.537704
19 2.776395
20 2.772337
21 3.167418
22 3.456259
23 3.668533
24 3.776672
25 3.992453
26 4.318323
27 4.631199
28 4.817480
29 4.994482
30 5.207695
31 5.678454
32 6.050960
33 6.085085
34 6.861022
35 6.641612
36 7.613866
37 6.965221
38 8.420857
39 7.050485
40 8.967494
41 9.604607
42 8.220665
43 10.059613
44 10.214664
45 14.128893
46 11.403862
47 11.690767
48 11.658385
49 15.478548
50 17.102171
51 15.256659
52 18.928969
53 18.444265
54 17.459091
55 18.886228
56 23.524752
57 21.686627
58 26.086598
59 22.318280
60 20.660819
61 21.864078
62 20.577889
63 25.029703
64 27.896848
65 27.080229
66 17.273700
67 32.820988
68 32.574713
69 32.630705
70 32.662577
71 32.357895
72 32.630508
73 29.809211
74 34.403226
75 33.206278
76 32.984556
77 36.755814
78 36.805556
79 38.128319
80 38.425197
81 32.662745
82 42.044534
83 34.677885
84 40.642857
85 39.563725
86 27.606426
87 41.714286
88 48.283582
89 30.584677
90 48.948571
91 17.122368
92 53.361702
93 60.363636
94 53.649573
95 57.418605
96 49.883436
97 52.065574
98 54.817204
99 55.357798
100 59.333333
101 49.040650
102 60.161616
103 67.243243
104 51.209524
105 62.390000
106 58.350515
107 54.934307
108 64.183486
109 64.138614
110 60.018692
111 69.322581
112 61.387597
113 63.549451
114 73.337209
115 58.714286
116 73.118812
117 76.631579
118 52.415094
119 66.154639
120 71.080000
121 79.219048
122 75.916667
123 81.359551
124 73.597938
125 88.487500
126 76.525424
127 71.105263
128 70.188889
129 72.684932
130 81.337662
131 78.571429
132 83.720588
133 89.704918
134 79.025316
135 81.676768
136 74.000000
137 82.843750
138 87.418605
139 78.973684
140 81.623188
141 77.063830
142 65.172414
143 82.566038
144 94.851351
145 113.406250
146 74.094340
147 89.153846
148 115.141176
149 91.206897
150 84.936170
151 98.180328
152 79.150000
153 97.854167
154 127.000000
155 103.294118
156 108.566667
157 109.088235
158 111.500000
159 98.481481
160 113.746835
161 108.525000
162 100.465116
163 118.065574
164 113.892857
165 99.708333
166 122.170732
167 86.578947
168 155.517857
169 97.925926
170 130.500000
171 154.791667
172 93.000000
173 142.913793
174 185.045045
175 126.638889
176 135.000000
177 145.530303
178 135.555556
179 139.825000
180 170.444444
181 133.048780
182 144.825175
183 220.435897
184 164.857143
185 175.871795
186 178.500000
187 213.619048
188 297.268657
