0 0.137585
1 0.413962
2 0.538897
3 0.629345
4 0.707772
5 0.815849
6 0.883148
7 0.971033
8 1.055259
9 1.118425
10 1.222432
11 1.301672
12 1.399891
13 1.477203
14 1.513087
15 1.624751
16 1.741425
17 1.855245
18 1.888555
19 2.026313
20 2.090710
21 2.183135
22 2.265345
23 2.463901
24 2.438002
25 2.604528
26 2.708762
27 2.752671
28 2.849333
29 2.997208
30 3.144082
31 3.187132
32 3.243998
33 3.370128
34 3.725586
35 3.695315
36 3.713316
37 3.947246
38 3.947913
39 4.004262
40 4.082630
41 4.214467
42 4.142590
43 4.202166
44 4.537418
45 4.552430
46 4.481856
47 4.853495
48 4.941743
49 5.300500
50 5.535642
51 5.690515
52 5.525404
53 5.720631
54 5.933577
55 5.593560
56 6.115655
57 5.879144
58 6.690014
59 6.783920
60 6.828416
61 6.225466
62 7.490566
63 6.994704
64 6.739277
65 6.937978
66 7.303361
67 6.910714
68 7.513436
69 7.779297
70 7.585244
71 7.776302
72 7.896861
73 6.946961
74 8.481481
75 7.502463
76 8.600244
77 8.180838
78 8.382038
79 9.424204
80 8.180791
81 9.165035
82 10.517883
83 10.715569
84 10.173848
85 10.770519
86 9.687204
87 9.848771
88 11.029110
89 10.939227
90 10.669065
91 10.029851
92 10.776536
93 12.160966
94 12.216110
95 11.709486
96 10.679283
97 10.446809
98 12.589633
99 10.765789
100 13.256818
101 12.476821
102 12.070048
103 11.647815
104 12.847826
105 13.677060
106 12.844327
107 13.027933
108 14.445104
109 13.985755
110 13.014451
111 13.628492
112 13.269565
113 14.309816
114 15.469799
115 14.224684
116 13.890000
117 14.135057
118 17.254480
119 15.605735
120 12.052288
121 15.757576
122 14.963636
123 16.955720
124 16.197719
125 16.162791
126 17.042308
127 18.113971
128 15.650190
129 18.504167
130 17.311688
131 17.572072
132 17.138393
133 20.452756
134 17.358333
135 19.808036
136 17.192661
137 19.300448
138 17.390863
139 21.305825
140 17.196809
141 22.418605
142 22.928934
143 21.108571
144 19.505435
145 22.670391
146 20.960227
147 25.427711
148 21.010256
149 21.487805
150 22.292308
151 22.037975
152 23.800000
153 21.042553
154 21.818792
155 21.707792
156 24.358974
157 24.208589
158 23.300654
159 24.000000
160 22.705479
161 26.468966
162 23.757812
163 20.885496
164 27.496241
165 25.853659
166 34.280303
167 26.939850
168 25.992000
169 35.172727
170 22.280000
171 25.464000
172 21.169643
173 25.542857
174 19.700000
175 31.299145
176 31.424779
177 21.298077
178 23.465517
179 25.527273
180 30.101852
181 32.295918
182 26.737374
183 21.555556
184 28.678161
185 26.400000
186 26.817308
187 36.361446
188 24.833333
189 31.129630
190 22.976190
191 24.920000
192 26.213483
193 28.923077
194 32.739130
195 36.000000
196 29.390805
197 30.833333
198 31.276596
199 25.476744
200 31.444444
201 27.215190
202 29.453333
203 31.085714
204 36.447368
205 26.933333
206 33.963855
207 29.132530
208 30.962500
209 38.435294
210 30.838710
211 36.400000
212 36.191781
213 41.328125
214 34.216667
215 28.095238
216 35.688525
217 38.852941
218 35.731343
219 40.270270
220 40.134328
221 42.232143
222 41.571429
223 30.636364
224 38.655172
225 37.288136
226 36.044776
227 34.360656
228 36.877193
229 25.367089
230 44.913793
231 27.661290
232 41.936508
233 32.823529
234 44.155556
235 41.226415
236 46.267857
237 43.306122
238 47.389831
239 40.372093
240 50.436364
241 34.523810
242 48.625000
243 42.862745
244 40.934783
245 42.048780
246 45.369565
247 49.282051
248 48.808511
249 49.414634
250 38.441860
251 46.132075
252 38.982143
253 29.260870
254 39.205128
255 38.558140
256 43.711538
257 42.795918
258 38.292683
259 41.000000
260 35.416667
261 51.018868
262 47.025641
263 56.934783
264 44.900000
265 45.350000
266 40.256410
267 41.962264
268 45.680851
269 60.138889
270 57.692308
271 41.000000
272 60.934783
273 56.562500
274 40.378378
275 44.675676
276 48.654545
277 55.787879
278 50.527778
279 41.548387
280 50.641026
281 52.000000
282 32.250000
283 59.030303
284 50.973684
285 66.463415
286 60.514286
287 43.363636
288 57.633333
289 65.529412
290 39.028571
291 53.184211
292 47.387097
293 46.200000
294 71.000000
295 44.533333
296 59.948718
297 64.714286
298 48.965517
299 31.956522
300 52.800000
301 52.095238
302 34.346154
303 61.473684
304 53.863636
305 58.892857
306 47.260870
307 41.142857
308 61.076923
309 70.031250
310 50.384615
311 51.250000
312 43.733333
313 35.384615
314 71.880000
315 46.045455
316 70.000000
317 60.250000
318 74.760000
319 52.458333
320 37.000000
321 74.259259
322 52.850000
323 41.928571
324 41.700000
325 81.733333
326 59.366667
327 32.538462
328 61.777778
329 46.466667
330 53.545455
331 56.055556
332 58.766667
333 58.843750
334 70.736842
335 47.129032
336 61.818182
337 69.888889
338 67.000000
339 72.666667
340 52.400000
341 46.100000
342 38.434783
343 51.526316
344 65.200000
345 62.600000
346 46.392857
347 46.833333
348 47.481481
349 64.687500
350 74.733333
351 80.117647
352 81.000000
353 50.631579
354 69.950000
355 102.636364
356 59.958333
357 52.529412
358 42.631579
359 97.625000
360 54.800000
361 57.066667
362 68.941176
363 69.714286
364 51.894737
365 87.722222
366 61.434783
367 62.400000
368 53.166667
369 65.954545
370 60.111111
371 43.687500
372 73.333333
373 44.928571
374 67.347826
375 84.777778
376 98.631579
377 30.466667
378 62.590909
379 58.466667
380 105.000000
381 61.933333
382 76.882353
383 64.125000
384 94.090909
385 61.666667
386 55.133333
387 24.363636
388 108.666667
389 60.941176
390 62.133333
391 60.750000
392 70.500000
393 110.416667
394 131.500000
395 90.615385
396 58.714286
397 91.789474
398 81.285714
399 54.947368
400 78.000000
401 90.538462
402 70.750000
403 85.333333
404 36.700000
405 67.125000
406 43.047619
407 60.153846
408 71.823529
409 85.555556
410 35.555556
411 65.600000
412 61.176471
413 83.105263
414 110.125000
415 72.214286
416 60.000000
417 86.052632
418 77.666667
419 67.428571
420 105.100000
421 51.062500
422 69.117647
423 74.400000
424 51.200000
425 114.090909
426 56.769231
427 92.000000
428 99.066667
429 63.076923
430 48.153846
431 59.888889
432 42.384615
433 63.538462
434 65.250000
435 58.777778
436 65.583333
437 96.818182
438 65.437500
439 86.222222
440 21.090909
441 89.428571
442 51.600000
443 51.000000
444 71.454545
445 93.066667
446 123.882353
447 58.500000
448 73.500000
449 131.333333
450 99.285714
451 92.818182
452 68.777778
453 119.727273
454 91.625000
455 127.272727
456 22.666667
457 39.818182
458 114.062500
459 75.000000
460 150.250000
461 99.500000
462 54.222222
463 72.200000
464 50.200000
465 53.875000
466 64.636364
467 93.666667
468 93.125000
469 79.750000
470 75.000000
471 24.000000
472 115.250000
473 104.714286
474 69.571429
475 89.125000
476 177.400000
477 53.733333
478 126.000000
479 69.928571
480 100.142857
481 74.083333
482 94.750000
483 102.142857
484 117.000000
485 138.857143
486 226.333333
487 163.666667
488 75.000000
489 145.666667
490 67.428571
491 103.833333
492 99.000000
493 54.000000
494 87.555556
495 121.250000
496 86.100000
497 28.333333
498 105.000000
499 256.333333
500 92.200000
501 101.200000
502 60.125000
503 97.000000
504 169.900000
505 94.000000
506 79.666667
507 116.750000
508 62.000000
509 48.000000
510 78.727273
511 27.111111
512 82.230769
513 95.000000
514 71.300000
515 27.000000
516 78.750000
517 131.714286
518 52.363636
519 125.545455
520 67.000000
521 70.076923
522 58.666667
523 78.000000
524 51.000000
525 85.125000
526 105.000000
527 70.111111
528 62.444444
529 84.583333
530 154.500000
531 75.888889
532 90.909091
533 66.666667
534 53.800000
535 127.200000
536 144.500000
537 118.200000
538 218.428571
539 114.888889
540 41.142857
541 114.428571
542 117.750000
543 24.428571
544 126.636364
545 162.750000
546 76.000000
547 126.142857
548 101.200000
549 81.000000
550 49.250000
551 117.384615
552 150.500000
553 113.333333
554 123.714286
555 145.500000
556 64.500000
557 113.500000
558 104.800000
559 124.875000
560 112.333333
561 127.875000
562 113.833333
563 96.833333
564 146.250000
565 27.428571
566 7.000000
567 54.000000
568 114.000000
569 94.900000
570 85.666667
571 42.833333
572 146.166667
573 113.000000
574 131.666667
575 123.600000
576 63.833333
577 121.500000
578 87.000000
579 71.777778
580 156.400000
581 87.857143
582 110.500000
583 75.400000
584 111.833333
585 68.444444
586 114.250000
587 169.500000
588 92.600000
589 154.000000
590 186.666667
591 4.000000
592 133.428571
593 74.000000
594 125.700000
595 117.600000
596 82.666667
598 63.000000
599 2.000000
600 138.400000
601 153.000000
602 92.750000
603 78.500000
604 111.600000
605 290.500000
606 158.750000
607 44.000000
608 114.333333
609 151.000000
610 110.000000
611 207.000000
612 123.571429
613 82.800000
614 148.000000
615 196.500000
616 185.000000
617 206.250000
618 195.600000
619 119.000000
620 182.000000
621 200.000000
622 85.000000
623 113.000000
624 136.000000
625 181.333333
626 92.333333
627 103.000000
628 45.750000
629 118.500000
630 158.888889
631 90.666667
632 118.000000
633 130.571429
634 182.375000
635 67.000000
636 41.500000
637 130.666667
638 106.000000
639 184.714286
640 202.500000
641 86.200000
642 132.500000
643 119.200000
644 198.333333
645 186.400000
646 73.625000
647 120.000000
648 138.666667
649 137.000000
650 72.000000
651 0.000000
652 68.428571
653 203.666667
654 71.000000
655 134.750000
656 219.333333
657 132.857143
658 129.500000
659 115.428571
660 107.500000
661 154.000000
662 138.000000
663 33.500000
664 117.500000
665 90.000000
666 107.000000
667 65.750000
668 260.750000
670 108.800000
672 146.000000
673 117.000000
674 181.000000
675 54.000000
676 178.500000
677 153.000000
678 456.000000
679 121.500000
680 129.857143
681 35.666667
682 57.500000
683 95.000000
684 127.000000
685 42.000000
686 401.500000
687 216.000000
688 165.833333
689 111.000000
690 149.200000
691 147.750000
692 198.333333
693 143.428571
694 274.500000
695 205.333333
696 7.000000
697 146.000000
698 57.000000
699 102.250000
700 48.500000
701 149.875000
702 221.000000
703 161.666667
704 116.166667
705 62.000000
706 103.400000
707 427.000000
708 153.200000
709 32.000000
710 154.500000
711 109.666667
712 30.000000
713 138.000000
714 49.500000
715 76.750000
716 51.666667
717 160.000000
718 149.833333
719 58.500000
720 26.000000
721 124.000000
722 194.000000
723 124.000000
724 272.500000
725 152.000000
726 126.000000
727 128.666667
728 128.333333
729 118.500000
730 142.750000
731 445.000000
732 198.250000
733 268.400000
734 0.000000
735 237.500000
736 207.000000
737 41.500000
738 116.500000
740 175.000000
741 108.500000
742 103.666667
743 147.000000
744 59.000000
745 245.500000
746 315.750000
747 130.666667
748 604.000000
749 597.000000
750 173.000000
751 12.000000
752 393.500000
753 119.666667
754 141.000000
755 164.500000
756 437.000000
757 75.500000
758 256.000000
759 147.500000
760 157.333333
761 292.000000
762 69.666667
763 83.000000
764 361.000000
765 88.200000
766 165.000000
767 221.200000
768 154.000000
769 185.666667
770 381.000000
771 100.000000
772 113.000000
773 405.500000
774 255.666667
775 16.000000
776 387.500000
777 297.000000
779 122.333333
780 279.666667
781 173.000000
782 172.500000
783 111.600000
784 145.000000
785 122.200000
786 102.333333
787 301.000000
788 150.666667
789 59.000000
790 201.333333
791 128.000000
792 83.666667
793 40.000000
794 55.000000
796 242.333333
797 158.000000
798 139.000000
799 7.000000
801 142.333333
802 324.666667
803 225.000000
804 42.000000
805 483.000000
806 158.166667
807 235.000000
808 174.333333
809 199.666667
810 409.000000
812 61.000000
813 236.500000
814 138.600000
816 365.500000
818 21.000000
819 173.000000
820 42.000000
821 195.250000
822 101.666667
823 232.500000
824 118.000000
826 150.000000
827 89.666667
828 12.000000
829 612.000000
830 219.500000
831 9.000000
832 186.500000
833 258.000000
834 76.666667
835 69.500000
838 254.000000
839 247.333333
840 100.333333
841 230.000000
842 100.000000
843 147.500000
844 413.000000
845 300.000000
846 92.000000
847 558.000000
848 94.666667
850 400.000000
851 154.000000
852 225.000000
853 288.000000
854 368.000000
855 292.500000
856 24.000000
857 209.000000
858 155.500000
859 102.500000
860 17.000000
861 147.000000
863 241.000000
864 291.666667
866 409.000000
867 23.000000
868 123.500000
869 318.500000
870 83.333333
872 215.000000
873 51.000000
874 76.000000
875 69.000000
876 103.000000
878 78.500000
879 188.250000
880 117.333333
881 140.666667
882 127.500000
884 139.000000
885 249.000000
886 27.000000
887 121.000000
888 65.000000
889 635.000000
890 114.000000
891 83.000000
892 154.000000
893 142.000000
895 214.500000
896 169.666667
897 100.000000
899 321.500000
900 186.000000
901 200.000000
902 226.000000
903 86.500000
904 57.000000
906 271.000000
907 35.000000
908 167.200000
909 340.000000
910 501.000000
913 60.500000
914 110.000000
915 196.500000
916 26.000000
917 288.000000
918 89.000000
920 338.000000
921 94.000000
922 146.000000
923 244.666667
924 379.500000
925 139.000000
926 358.500000
927 133.000000
928 374.000000
929 177.500000
930 43.000000
932 125.000000
933 316.000000
935 6.000000
936 370.250000
937 146.000000
938 72.000000
939 90.000000
940 127.000000
941 109.500000
944 41.000000
945 681.000000
946 310.000000
947 112.000000
948 256.333333
949 50.000000
950 70.000000
951 145.000000
952 174.000000
953 135.500000
954 126.000000
955 151.000000
956 415.000000
957 28.000000
958 146.500000
959 40.000000
960 192.000000
962 465.000000
963 131.000000
964 289.000000
965 893.500000
967 325.500000
968 154.000000
969 333.000000
970 641.500000
971 303.000000
972 959.000000
973 64.000000
974 339.000000
975 129.500000
976 129.000000
977 27.000000
978 80.333333
979 244.500000
980 145.000000
982 114.666667
983 159.800000
984 123.000000
986 17.000000
987 160.000000
989 644.000000
991 130.000000
992 208.000000
993 63.000000
995 126.250000
997 185.250000
998 61.000000
999 234.000000
1000 20.000000
1003 15.000000
1004 98.000000
1006 236.333333
1007 213.000000
1008 141.333333
1009 115.500000
1010 373.000000
1011 328.000000
1014 143.000000
1015 19.000000
1017 147.000000
1021 43.000000
1022 156.000000
1023 97.000000
1024 106.000000
1025 228.666667
1026 89.500000
1027 406.500000
1029 592.500000
1030 220.000000
1031 149.000000
1032 278.000000
1033 86.500000
1034 242.000000
1037 13.000000
1038 145.500000
1039 183.666667
1041 163.500000
1043 375.000000
1044 87.000000
1045 101.000000
1046 254.000000
1047 96.666667
1048 39.000000
1049 418.666667
1050 492.000000
1051 207.000000
1052 408.000000
1054 302.000000
1055 268.400000
1056 220.000000
1058 63.000000
1059 127.000000
1061 256.000000
1063 363.000000
1065 189.000000
1067 401.500000
1068 99.500000
1069 488.000000
1070 95.000000
1071 18.000000
1073 85.666667
1074 448.000000
1075 53.000000
1076 72.000000
1077 297.500000
1079 108.000000
1080 74.500000
1081 191.000000
1082 303.000000
1083 103.000000
1084 421.000000
1085 22.000000
1086 137.000000
1089 417.500000
1091 35.000000
1092 185.000000
1093 286.000000
1095 163.750000
1096 201.000000
1097 333.000000
1098 260.000000
1100 158.000000
1101 471.500000
1103 187.000000
1105 350.500000
1106 162.000000
1107 88.000000
1108 119.000000
1109 611.000000
1111 412.000000
1112 281.000000
1113 51.000000
1114 225.000000
1116 91.000000
1117 288.000000
1121 293.500000
1122 61.000000
1123 566.000000
1126 47.000000
1127 113.000000
1128 154.000000
1130 509.000000
1131 158.500000
1134 262.000000
1135 32.000000
1137 52.000000
1140 230.000000
1142 741.000000
1143 325.000000
1147 46.500000
1148 56.000000
1149 45.000000
1150 339.000000
1151 81.000000
1152 453.000000
1154 49.000000
1157 107.000000
1158 95.000000
1161 108.500000
1162 5.000000
1163 119.500000
1164 65.000000
1166 30.000000
1168 420.500000
1169 385.000000
1172 433.000000
1173 312.000000
1174 59.000000
1175 404.000000
1176 83.000000
1177 289.000000
1181 278.000000
1182 242.000000
1184 40.000000
1185 137.000000
1186 95.000000
1187 103.000000
1190 180.000000
1191 246.000000
1192 148.000000
1194 174.000000
1195 26.000000
1198 351.500000
1199 402.000000
1200 474.000000
1203 106.000000
1207 75.000000
1208 68.000000
1209 20.000000
1211 198.500000
1212 58.000000
1214 451.500000
1217 329.000000
1218 534.000000
1221 108.000000
1222 336.000000
1226 391.000000
1227 52.000000
1230 165.000000
1232 728.000000
1233 53.000000
1234 372.000000
1235 130.000000
1237 470.000000
1239 484.000000
1241 77.000000
1242 375.000000
1244 549.000000
1245 256.000000
1246 272.000000
1247 459.000000
1248 228.000000
1251 137.333333
1253 120.000000
1257 156.500000
1258 305.000000
1259 391.000000
1261 18.000000
1263 104.000000
1264 291.000000
1265 51.000000
1267 234.000000
1268 623.000000
1269 595.000000
1273 137.333333
1274 198.500000
1275 397.000000
1278 256.000000
1279 232.000000
1281 186.000000
1282 321.000000
1283 707.333333
1287 181.000000
1288 144.000000
1289 224.000000
1290 451.000000
1291 547.000000
1292 424.000000
1293 139.500000
1295 529.000000
1296 127.000000
1297 224.000000
1299 213.000000
1300 123.000000
1301 111.000000
1302 71.000000
1304 372.000000
1306 246.333333
1307 187.000000
1308 675.000000
1309 149.500000
1311 353.500000
1312 430.500000
1313 136.000000
1314 239.000000
1315 91.000000
1316 160.500000
1318 129.000000
1321 451.000000
1327 471.000000
1328 293.500000
1330 245.000000
1332 824.000000
1333 177.000000
1335 719.000000
1337 553.000000
1341 274.000000
1343 165.000000
1346 182.000000
1351 20.000000
1354 253.500000
1355 247.000000
1360 576.000000
1361 261.000000
1362 92.000000
1363 576.000000
1366 525.500000
1370 471.000000
1372 516.000000
1378 154.000000
1379 774.000000
1381 342.000000
1387 831.000000
1390 460.000000
1391 628.000000
1392 120.000000
1393 314.000000
1396 240.000000
1397 320.000000
1398 60.500000
1405 128.000000
1408 403.000000
1414 423.000000
1416 571.000000
1417 860.000000
1420 10.000000
1425 802.000000
1426 121.000000
1429 341.000000
1430 53.000000
1435 100.000000
1438 453.000000
1439 83.500000
1440 1073.000000
1441 216.000000
1446 271.500000
1448 193.500000
1449 107.000000
1452 313.000000
1455 176.000000
1456 218.000000
1465 560.000000
1474 297.000000
1476 240.000000
1479 455.000000
1480 270.000000
1481 234.000000
1482 74.000000
1485 42.000000
1487 46.000000
1489 431.000000
1491 75.500000
1492 67.000000
1495 889.000000
1500 195.000000
1501 177.000000
1502 600.000000
1504 101.000000
1506 763.500000
1507 567.000000
1512 237.000000
1513 394.000000
1514 308.000000
1519 418.000000
1524 144.000000
1527 408.500000
1528 677.000000
1530 169.000000
1531 161.000000
1532 251.000000
1539 172.000000
1541 28.000000
1542 171.000000
1543 347.500000
1547 368.000000
1548 720.000000
1549 292.000000
1560 452.000000
1565 250.500000
1566 167.000000
1568 318.000000
1569 940.000000
1576 239.000000
1577 151.000000
1578 24.000000
1579 1646.000000
1581 553.000000
1585 78.000000
1587 163.000000
1590 857.000000
1591 284.000000
1592 451.666667
1594 113.000000
1599 89.000000
1601 127.000000
1606 310.500000
1608 131.000000
1609 190.000000
1610 309.000000
1615 842.000000
1618 467.000000
1619 256.500000
1621 158.000000
1626 401.000000
1633 1271.000000
1634 124.000000
1640 15.000000
1653 421.000000
1654 274.000000
1659 273.000000
1662 808.000000
1663 234.000000
1665 689.500000
1667 25.000000
1668 87.000000
1674 1014.000000
1676 79.000000
1684 442.000000
1691 409.000000
1694 184.000000
1695 205.000000
1699 913.000000
1702 618.000000
1703 265.500000
1706 646.000000
1714 51.000000
1715 1379.000000
1722 204.500000
1726 244.000000
1730 793.000000
1731 537.000000
1732 77.000000
1733 187.000000
1743 263.000000
1745 134.000000
1752 666.000000
1758 737.000000
1768 170.000000
1770 707.500000
1772 1090.000000
1774 201.500000
1777 231.000000
1779 754.000000
1783 1173.000000
1786 825.000000
1788 300.000000
1790 141.000000
1791 330.000000
1797 159.000000
1800 624.000000
1808 305.000000
1812 112.500000
1814 151.000000
1815 62.000000
1826 316.000000
1838 145.000000
1840 468.000000
1853 174.000000
1855 570.000000
1866 213.000000
1867 334.000000
1876 34.000000
1877 247.000000
1880 117.000000
1883 436.000000
1889 56.000000
1893 321.000000
1908 654.000000
1910 201.000000
1917 325.000000
1919 324.000000
1923 213.000000
1928 645.000000
1929 586.000000
1936 1747.000000
1937 603.000000
1938 141.000000
1948 209.000000
1951 37.000000
1958 143.000000
1960 173.000000
1964 209.000000
1965 860.000000
1973 121.000000
1974 328.000000
1976 322.000000
1978 455.000000
1984 2916.000000
1985 117.000000
1991 651.000000
1994 254.000000
1996 253.000000
2009 664.000000
2018 625.000000
2023 144.000000
2036 106.000000
2042 2034.000000
2049 44.000000
2051 207.000000
2056 351.000000
2057 249.000000
2058 1363.000000
2060 121.000000
2068 292.000000
2070 271.000000
2075 564.000000
2081 571.000000
2090 809.000000
2093 138.000000
2107 184.000000
2110 273.000000
2112 218.000000
2114 1100.000000
2117 78.000000
2119 90.000000
2120 918.000000
2133 121.000000
2134 563.000000
2138 139.000000
2142 96.000000
2143 442.000000
2145 1244.000000
2152 504.000000
2153 857.000000
2157 101.000000
2166 240.500000
2171 1598.500000
2176 163.000000
2178 93.000000
2181 344.500000
2184 54.000000
2193 198.000000
2194 329.000000
2196 1208.000000
2207 2280.000000
2214 240.000000
2220 186.000000
2223 924.000000
2226 153.000000
2230 306.000000
2237 1028.000000
2243 417.000000
2250 1015.000000
2262 149.000000
2263 171.000000
2267 561.000000
2269 771.000000
2284 174.000000
2291 830.000000
2294 84.000000
2300 268.000000
2314 421.000000
2316 236.000000
2317 37.000000
2330 210.000000
2333 467.000000
2334 42.000000
2337 170.000000
2339 1202.000000
2340 110.000000
2341 11568.000000
2348 534.000000
2349 716.000000
2352 90.000000
2354 639.000000
2357 475.000000
2361 562.000000
2363 427.000000
2378 254.000000
2390 1189.000000
2400 330.000000
2406 1233.000000
2408 664.000000
2421 255.000000
2425 730.000000
2443 1282.000000
2465 160.000000
2468 130.000000
2473 225.000000
2474 788.000000
2476 805.000000
2482 1411.000000
2488 122.000000
2493 89.000000
2501 122.000000
2509 123.000000
2512 511.000000
2517 133.000000
2518 91.000000
2528 293.000000
2531 823.000000
2538 156.000000
2554 453.000000
2558 482.000000
2567 338.000000
2570 186.000000
2580 1140.000000
2584 1014.000000
2593 274.000000
2596 289.000000
2599 209.000000
2604 1056.000000
2625 156.000000
2635 979.000000
2636 686.000000
2637 262.000000
2645 2718.000000
2649 306.000000
2663 563.000000
2673 403.500000
2674 1110.000000
2682 1179.333333
2703 107.000000
2704 456.000000
2723 378.000000
2724 67.000000
2728 302.000000
2745 103.000000
2747 261.000000
2750 271.000000
2753 2113.000000
2762 1040.000000
2763 155.000000
2819 60.000000
2823 665.000000
2825 269.000000
2826 171.000000
2830 76.000000
2835 307.000000
2836 338.000000
2847 203.000000
2848 42.000000
2853 2140.000000
2886 89.000000
2887 77.000000
2888 257.000000
2897 146.000000
2900 416.000000
2929 818.000000
2968 268.000000
2977 123.000000
2994 350.000000
3001 1708.000000
3005 202.000000
3012 48.000000
3026 1916.000000
3036 1138.000000
3051 179.000000
3061 184.000000
3062 162.000000
3068 439.000000
3076 914.000000
3077 345.000000
3097 282.000000
3112 859.000000
3113 734.000000
3122 2046.000000
3124 401.000000
3131 297.000000
3147 547.000000
3177 371.000000
3222 200.000000
3244 161.000000
3247 163.000000
3255 207.000000
3267 153.000000
3288 308.000000
3299 100.000000
3302 523.000000
3309 270.000000
3336 237.000000
3366 446.000000
3376 228.000000
3379 486.000000
3449 84.000000
3460 180.000000
3560 230.000000
3575 151.000000
3577 422.000000
3581 1653.000000
3584 388.000000
3585 721.000000
3587 1033.000000
3609 1313.000000
3616 1307.000000
3623 677.000000
3646 700.000000
3665 183.000000
3679 474.000000
3683 99.000000
3697 239.000000
3699 524.000000
3707 971.000000
3723 121.000000
3731 423.000000
3755 147.000000
3814 1726.000000
3878 2263.000000
3902 1408.000000
3992 291.000000
3996 2316.000000
4087 621.000000
4101 395.000000
4131 1216.000000
4168 2516.000000
4186 257.000000
4346 756.000000
4438 1614.000000
4460 3315.000000
4475 363.000000
4957 786.000000
5059 550.000000
5266 1023.000000
