13 2
58 2
59 2
60 2
68 2
70 2
147 2
538 2
542 2
747 2
778 2
822 2
825 2
827 2
832 2
899 2
1294 2
1629 2
1637 2
1648 2
1670 2
1780 2
1813 2
1824 2
1986 2
2034 2
2052 2
2054 2
2109 2
2133 2
2134 2
2253 2
5404 2
6819 2
7063 2
7937 2
8344 2
8870 2
9372 2
10479 2
10923 2
11927 2
12368 2
12596 2
12677 2
13088 2
13090 2
13091 2
13097 2
13098 2
13473 2
13645 2
14048 2
14534 2
15350 2
16202 2
16376 2
16444 2
16751 2
17296 2
17964 2
18245 2
18510 2
18615 2
19422 2
19424 2
20136 2
20137 2
20138 2
20195 2
20272 2
20432 2
20765 2
21125 2
21679 2
21827 2
21844 2
22416 2
23121 2
23642 2
23975 2
24107 2
24299 2
24907 2
25268 2
25525 2
25598 2
25732 2
25763 2
26457 2
26687 2
26826 2
27636 2
27956 2
28253 2
28507 2
28524 2
28526 2
28703 2
28721 2
28790 2
29159 2
29204 2
29367 2
30503 2
30504 2
30868 2
31137 2
32011 2
32394 2
32597 2
32675 2
33105 2
33136 2
33286 2
33564 2
33783 2
33857 2
34151 2
34974 2
34983 2
35017 2
35896 2
36032 2
36134 2
37090 2
37107 2
37108 2
37367 2
37473 2
37474 2
37700 2
37807 2
38029 2
38210 2
38433 2
40274 2
43297 2
43299 2
43649 2
43787 2
43974 2
43999 2
44528 2
44622 2
44630 2
44636 2
44639 2
44640 2
44645 2
44646 2
44658 2
44660 2
44661 2
44662 2
44695 2
44710 2
44711 2
44719 2
44724 2
44743 2
44764 2
44771 2
44784 2
44785 2
44786 2
44788 2
44812 2
44813 2
44814 2
44820 2
44844 2
44866 2
44896 2
44897 2
44900 2
44931 2
44968 2
44971 2
44972 2
44975 2
44976 2
45013 2
45032 2
45040 2
45068 2
45075 2
45111 2
45157 2
45166 2
45167 2
45168 2
45220 2
45289 2
45340 2
45341 2
45431 2
45432 2
45506 2
45515 2
45524 2
45548 2
45557 2
45578 1
45594 2
45637 2
45649 2
45688 2
45692 2
45702 2
45724 2
45728 2
45729 2
45777 2
45835 2
45887 2
45946 2
46008 2
46086 2
46087 2
46131 2
46206 2
46246 2
46247 2
46248 2
46327 2
46374 2
46375 2
46376 2
46377 2
46378 2
46386 2
46760 2
46990 2
47544 2
47875 2
47902 2
48284 2
48566 2
48572 2
49093 2
49096 2
52894 2
53201 2
54210 2
55078 2
55098 2
55482 2
57030 2
57163 2
57507 2
57596 2
57636 2
57640 2
58120 2
58135 2
58195 2
58196 2
58764 2
58826 2
59451 2
59568 2
59658 2
59859 2
60198 2
60596 2
60824 2
61043 2
61455 2
61908 2
61955 2
62060 2
62957 2
63198 2
63575 2
64308 2
64318 2
64878 2
67283 2
69202 2
72064 2
72426 2
72457 2
72468 2
72527 2
72528 2
72529 2
72531 2
73224 2
73317 2
74217 2
74568 2
77402 2
77677 2
78891 2
79943 2
80581 2
80899 2
80950 2
80989 2
81006 2
82095 2
82319 2
83258 2
83686 2
85013 2
85157 2
85425 2
85553 2
85999 2
86014 2
86045 2
87382 2
88230 2
90028 2
90867 2
91153 2
91154 2
91168 2
91271 2
91336 2
91396 2
91397 2
91458 2
91493 2
92512 2
95509 2
96185 2
98203 2
99319 2
100323 2
100538 2
100649 2
100651 2
101296 2
102047 2
102062 2
102185 2
102530 2
104405 2
104406 2
107707 2
107708 2
108429 2
109035 2
109036 2
109048 2
109337 2
109752 2
109753 2
109802 2
111238 2
111918 2
113816 2
117634 2
117701 2
118067 2
118100 2
118360 2
120513 2
120608 2
121107 2
121504 2
121821 2
124113 2
124405 2
124725 2
125256 2
125754 2
126217 2
126702 2
126716 2
126741 2
126773 2
127449 2
127803 2
128099 2
130176 2
130568 2
130581 2
130845 2
131940 2
132220 2
132823 2
138955 2
139113 2
139115 2
139977 2
139984 2
142036 2
142861 2
144254 2
145117 2
145278 2
145450 2
145637 2
146109 2
146137 2
146188 1
146521 2
147215 2
147347 2
147728 2
147954 2
148055 2
148161 2
148280 2
148406 2
149701 2
152508 2
152530 2
152548 2
152676 2
152924 2
152961 2
153077 2
153166 2
153606 2
153624 2
153870 2
153928 2
154355 1
154381 2
154538 2
155124 2
155942 2
157440 2
157991 2
159405 2
159562 2
159658 2
159678 2
159754 2
159797 2
159937 2
160034 2
160290 2
160389 2
160391 2
160688 2
160739 2
160741 2
160744 2
160767 2
160810 2
160871 2
160916 2
161066 2
161201 2
161568 2
161585 2
161588 2
161637 2
161706 2
161725 2
161801 2
161862 2
161908 2
161950 2
162093 2
162195 2
162437 2
162609 2
162761 2
162824 2
163001 2
163219 2
163231 2
163232 2
163482 2
164051 2
164475 2
164561 2
164709 2
164710 2
164737 2
165805 2
165806 2
165892 2
166040 2
166042 2
166528 2
166685 2
167650 2
168687 2
168996 2
170762 2
171664 2
173273 2
174553 2
176714 2
177384 2
177492 2
179093 2
179271 2
180406 2
181550 2
184984 2
189203 2
189495 2
189743 2
190378 1
191008 2
191604 2
193810 2
195655 2
196187 2
197140 2
197701 2
200594 2
200723 2
202016 2
202821 2
207369 2
209065 2
213000 2
213648 2
213670 2
213725 2
213813 2
213886 2
213928 2
213929 2
213932 2
213989 2
214095 2
214160 2
214169 2
214190 2
214201 2
214292 2
214332 2
214397 2
214534 2
214634 2
214649 2
214682 2
214683 2
214685 2
214686 2
214723 2
214752 2
214782 1
214797 2
214798 2
214800 2
214847 2
214870 2
215046 1
215316 2
215363 2
215481 2
215482 2
215497 2
215498 2
215528 2
215597 2
215673 2
215703 2
215755 2
215811 2
215812 2
215825 2
215826 2
215958 2
215959 2
215989 2
216227 1
216431 2
216451 2
216607 2
217548 2
217551 2
217579 2
217580 2
217605 2
217613 2
217636 2
217640 2
217641 2
217645 2
217647 2
217650 2
217654 2
217662 2
217663 2
217684 2
217685 2
217694 2
217704 2
217710 2
217727 2
217744 2
217746 2
217756 2
217759 2
218974 2
219569 2
224250 2
224259 1
224449 2
224639 2
224717 2
225699 2
226687 2
226975 2
227061 2
227131 2
227260 2
227513 2
227549 2
227913 2
228310 2
228327 2
231446 2
233122 2
233185 1
233377 2
233533 2
233534 2
233948 2
235010 2
236312 2
236313 2
236314 2
237763 2
238822 2
238920 2
240501 2
241189 2
241236 2
241262 2
241358 2
242848 2
244142 2
244168 2
244806 2
245185 2
245251 2
250448 2
250449 2
250645 2
250828 2
250895 2
251369 2
251486 2
251846 2
252024 2
252079 2
252997 2
253051 2
253476 2
254100 2
254400 2
254436 2
254503 2
254612 1
254672 2
254837 2
254857 2
255086 2
256081 2
257362 2
259765 2
261940 2
262059 2
262161 2
263893 2
269932 2
269976 2
270001 2
270031 2
270037 2
270146 2
270167 2
270171 2
270172 2
270279 2
270485 2
270486 2
270509 1
270606 2
270607 2
270625 2
270644 2
270657 2
270666 2
270709 2
270711 2
270776 2
270824 2
270825 2
270826 2
270852 2
270859 2
270911 2
270912 1
270913 2
270969 1
271004 2
271022 2
271028 2
271058 2
271124 1
271146 2
271169 2
271171 2
271199 2
271200 2
271201 2
271238 2
271270 2
271293 2
271295 2
271337 2
271482 2
271577 2
271587 2
271589 2
271640 2
271769 2
271844 2
271856 2
271858 2
271943 2
271999 1
272001 2
272017 2
272039 2
272060 2
272096 2
272184 2
272194 2
272195 2
272222 2
272317 2
272372 2
272452 2
272572 2
272648 2
272680 2
272692 2
272748 2
272961 2
272974 2
273108 2
273205 2
273231 2
273316 2
273399 2
273402 2
273405 2
273413 2
273414 2
273415 2
273416 2
273508 2
273532 2
273548 2
273553 2
273555 2
273662 2
273693 2
273702 2
273775 2
273946 2
274090 2
274175 1
274254 2
274262 2
274451 2
274452 2
274487 2
274526 2
274721 2
274762 2
274776 2
274867 2
274868 2
274964 2
274986 2
275008 2
275022 2
275024 2
275096 2
275123 2
275130 2
275174 2
275500 2
275509 2
275645 1
275652 2
275665 2
275668 2
275671 2
275768 2
275809 2
275820 2
275838 2
275893 2
276133 2
276136 2
276137 2
276299 2
276308 2
276495 2
276507 2
276529 2
276540 2
276695 2
276744 2
276749 2
276752 2
276783 2
276887 2
276936 2
277190 2
277305 2
277372 2
277442 2
277517 2
277611 2
277681 2
277724 2
277725 2
277833 2
277840 2
277940 2
278018 2
278028 2
278029 2
278079 2
278245 2
278277 2
278320 2
278431 2
278483 2
278587 2
278802 2
278807 2
278829 2
278924 2
278966 2
279075 2
279092 1
279108 2
279109 2
279110 2
279149 2
279219 2
279245 2
279253 2
279280 2
279281 2
279589 2
279633 1
279945 2
280082 2
280332 1
280333 2
280521 2
284585 2
284856 2
284999 2
285070 2
285816 2
285932 2
286144 2
287533 2
287993 2
288694 2
288695 2
288740 2
288950 2
288951 2
290380 2
290394 2
290421 2
290547 2
293491 2
296021 2
297587 2
300778 2
302040 2
302051 2
303058 2
304336 2
305212 2
305865 2
310870 2
311970 2
314018 2
314625 2
317405 2
317406 2
317460 2
317461 2
317586 2
317877 2
318361 2
318378 2
319292 2
319661 2
319971 2
320601 2
320703 2
321009 2
321066 2
321875 2
322146 2
323317 2
323443 2
323534 2
325151 2
326124 2
327548 2
327755 2
327756 2
328289 2
328309 2
328395 2
335047 2
338906 2
339731 2
345692 2
348159 2
349852 2
350740 2
351712 2
355279 2
358047 2
364171 2
368613 2
371054 2
371612 2
373579 2
378597 2
378599 2
378711 2
378835 2
378851 2
379008 2
379056 2
380308 2
381373 2
381374 2
381475 2
387868 2
388057 2
388488 2
389082 2
389116 2
395946 2
395961 2
396044 2
397208 2
398734 2
398792 2
399172 2
399830 2
399900 2
400326 2
400552 2
400660 2
400661 2
405109 2
405351 2
408849 2
408850 2
409073 2
409921 2
411120 2
421515 2
427153 2
427154 2
433658 2
435400 2
436846 2
437048 2
438339 2
442058 2
443113 2
447518 2
451774 2
452172 2
453841 2
453842 2
454043 2
454124 2
463865 2
463957 2
464490 2
464664 2
465982 2
466987 2
470716 2
477006 2
479971 2
481084 2
482814 2
485465 2
486656 2
488594 2
489179 2
490018 2
491077 2
491080 2
491122 2
491128 2
491130 2
491146 2
491148 2
491155 2
491156 2
491190 2
491191 2
491193 2
491194 2
491195 2
491196 2
491206 2
491254 2
491279 2
491295 2
491299 2
491325 2
491334 2
491335 2
491338 2
491348 2
491368 2
491379 2
491380 2
491381 2
491406 2
491414 2
491423 2
491439 2
491467 2
491478 2
491481 2
491512 2
491513 2
491523 2
491529 2
491547 2
491548 2
491581 2
491584 2
491600 2
491607 2
491635 2
491687 2
491693 2
491712 2
491736 2
491764 2
491772 2
491778 2
491791 2
491793 2
491823 2
491825 2
491826 2
491841 2
491866 2
491872 2
491873 2
491901 2
491905 2
491921 1
491923 2
491924 2
491925 2
491935 2
491944 2
491960 2
491967 2
491971 2
491972 2
492011 2
492037 2
492051 2
492119 2
492182 2
492185 2
492193 2
492196 2
492207 2
492208 2
492210 2
492265 2
492266 2
492276 2
492283 2
492320 2
492321 2
492337 2
492371 2
492421 2
492429 2
492462 2
492480 2
492505 2
492561 2
492565 2
492624 2
492636 2
492657 2
492708 1
492734 2
492736 2
492741 2
492786 2
492810 2
492850 2
492863 2
492864 2
492891 2
493004 2
493006 2
493026 2
493027 2
493028 2
493068 2
493070 2
493160 2
493178 2
493179 2
493201 2
493279 2
493338 2
493339 2
493340 2
493344 2
493352 2
493353 2
493406 2
493455 2
493492 2
493553 2
493591 2
493669 2
493751 2
493775 2
493788 2
493831 2
493849 2
493924 2
493927 2
493935 2
493948 2
493970 2
493995 2
493997 2
493998 2
494099 2
494234 2
494393 2
494436 2
494462 2
494463 2
494495 2
494557 2
494603 2
494608 2
494699 2
494753 2
494759 2
494857 2
494876 2
494927 2
494949 2
494997 2
495104 2
495125 2
495149 2
495162 2
495233 2
495308 2
495520 2
495557 2
495578 2
495693 2
495821 2
495822 2
495829 2
495859 2
495902 2
495972 2
496001 2
496002 2
496004 2
496010 2
497722 2
500077 2
500703 2
508186 2
509238 2
510150 2
517605 2
518336 2
518503 2
525063 2
525064 2
525079 2
525170 2
525171 2
525670 2
555487 2
564759 2
577102 2
586285 2
586287 2
588431 2
588432 2
607256 2
612724 2
636477 2
643467 2
643612 2
643614 2
643662 2
675302 2
675853 2
677670 2
688728 2
690888 2
697230 2
697232 2
698882 2
700051 2
700742 2
702883 2
705053 2
707998 2
714870 2
717557 2
728156 2
740339 2
743758 2
746969 2
747722 2
770450 2
771842 2
773540 2
794683 2
795959 2
796372 2
797579 2
810936 2
811023 2
811295 2
824602 2
826523 2
830246 2
830459 1
830480 2
830549 2
831605 2
832929 2
833211 2
834521 2
835233 2
839012 2
841946 2
842865 2
843106 2
843155 2
847898 2
847957 2
848760 2
848761 2
849262 2
854994 2
858487 2
870093 2
874925 2
876758 2
877940 2
885308 2
887557 2
888590 2
898911 2
901262 2
903016 2
927649 2
931307 2
947620 2
968596 2
983265 2
985358 2
999302 2
1000378 2
1015815 2
1020901 2
1034610 2
1050662 2
1092651 2
1092859 2
1104008 2
1104549 2
1104567 2
1125565 2
1126848 2
1126933 2
1136932 2
1145817 2
1145818 2
1146115 2
1148669 2
1157394 2
1172091 2
1173681 2
1175969 2
1193274 2
1199409 2
1199463 2
1200318 2
1200319 2
1200850 2
1200939 2
1200949 2
1201492 2
1201888 2
1202427 2
1214589 2
1222172 2
1243598 2
1248719 2
1250770 2
1257454 2
1261450 2
1263047 2
1278304 2
1279880 2
1281351 2
1281370 2
1281428 2
1281433 2
1281434 2
1281435 2
1281446 2
1281447 2
1281448 2
1281462 2
1281463 2
1281475 2
1281476 2
1281477 2
1281499 2
1281514 2
1281515 2
1281543 2
1281565 2
1281566 2
1281573 2
1281580 2
1281585 2
1281586 2
1281602 2
1281603 2
1281604 2
1281605 2
1281607 2
1281608 2
1281609 2
1281610 2
1281611 2
1281612 2
1281625 2
1281628 2
1281629 2
1281630 2
1281631 2
1281659 2
1281661 2
1281662 2
1281663 2
1281672 2
1281684 2
1281685 2
1281686 2
1281697 2
1281698 2
1281699 2
1281709 2
1281722 2
1281737 2
1281757 2
1281780 2
1281781 2
1281782 2
1281783 2
1281784 2
1281793 2
1281794 2
1281795 2
1281797 2
1281817 1
1281819 2
1281824 2
1281846 2
1281855 2
1281868 2
1281870 2
1281872 2
1281873 2
1281880 2
1281881 2
1281882 2
1281886 2
1281888 2
1281889 2
1281928 2
1281933 2
1281939 2
1281946 2
1281963 2
1281964 2
1281965 2
1281982 2
1282020 2
1282021 2
1282039 2
1282040 2
1282044 2
1282045 2
1282046 2
1282047 2
1282048 2
1282090 2
1282112 2
1282113 2
1282114 2
1282130 2
1282131 2
1282132 2
1282136 2
1282137 2
1282145 2
1282149 2
1282160 2
1282161 2
1282164 2
1282165 2
1282166 2
1282167 2
1282168 2
1282169 2
1282175 2
1282211 2
1282212 2
1282213 2
1282235 2
1282271 2
1282300 2
1282313 2
1282321 2
1282334 2
1282350 2
1282351 2
1282352 2
1282368 2
1282372 2
1282373 2
1282380 2
1282382 2
1282390 2
1282397 2
1282398 2
1282416 2
1282417 2
1282418 2
1282423 2
1282440 2
1282450 2
1282468 2
1282482 2
1282515 2
1282516 2
1282531 2
1282559 2
1282579 2
1282580 2
1282598 2
1282617 2
1282618 2
1282639 2
1282657 2
1282658 2
1282659 2
1282660 2
1282747 2
1282748 2
1282749 2
1282760 2
1282777 2
1282780 2
1282784 2
1282785 2
1282786 2
1282797 2
1282807 2
1282844 2
1282876 2
1282877 2
1282878 2
1282891 2
1282892 2
1282893 2
1282910 2
1282921 2
1282940 2
1282944 2
1282945 2
1282946 2
1282947 2
1282948 2
1282965 2
1282966 2
1282969 2
1282987 2
1283038 2
1283047 2
1283075 2
1283110 2
1283111 2
1283112 2
1283115 2
1283116 2
1283149 2
1283150 2
1283209 2
1283210 2
1283243 2
1283250 2
1283254 2
1283256 2
1283280 2
1283360 2
1283418 2
1283419 2
1283420 2
1283421 2
1283422 2
1283451 2
1283512 2
1283513 2
1283514 2
1283515 2
1283552 2
1283612 2
1283614 2
1283618 2
1283619 2
1283672 2
1283684 2
1283685 2
1283686 2
1283688 2
1283707 2
1283708 2
1283732 2
1283733 2
1283734 2
1283738 2
1283778 2
1283791 2
1283792 2
1283798 2
1283804 2
1283832 2
1283833 2
1283843 2
1283844 2
1283845 2
1283876 2
1283877 2
A
427154 491905
427154 492480
491905 492480
44900 427154
44900 491905
44900 492480
28524 427154
28524 491905
28524 492480
28524 44900
45692 427154
45692 491905
45692 492480
44900 45692
28524 45692
45068 45692
124113 1281351
45692 1281351
45692 124113
170762 1281351
124113 170762
45692 170762
72468 1281351
72468 124113
45692 72468
72468 170762
157440 1281351
124113 157440
45692 157440
157440 170762
72468 157440
154355 271124
72064 400552
162609 213886
162609 276529
213886 276529
18510 45013
18510 44658
44658 45013
215497 241262
241262 271124
215497 271124
241262 271200
215497 271200
271124 271200
17296 388057
95509 146521
146521 494949
95509 494949
146521 1281370
95509 1281370
494949 1281370
23121 146521
23121 95509
23121 494949
23121 1281370
43649 146521
43649 95509
43649 494949
43649 1281370
23121 43649
236314 270509
46008 145278
288740 491406
288740 389082
389082 491406
63198 288740
63198 491406
63198 389082
33857 288740
33857 491406
33857 389082
33857 63198
284856 288740
284856 491406
284856 389082
63198 284856
33857 284856
327755 494857
278807 494857
278807 327755
327756 494857
327755 327756
278807 327756
279075 494857
279075 327755
278807 279075
279075 327756
494857 555487
327755 555487
278807 555487
327756 555487
279075 555487
44660 46246
45167 46246
44660 45167
45168 46246
44660 45168
45167 45168
46246 46248
44660 46248
45167 46248
45168 46248
241262 275665
274526 275665
241262 274526
1294 275665
1294 241262
1294 274526
274452 278807
2133 278807
2133 274452
59658 270031
32675 59658
32675 270031
92512 149701
149701 274526
92512 274526
149701 275665
92512 275665
1294 149701
1294 92512
149701 241262
92512 241262
288951 495520
63198 495520
63198 288951
273413 495520
273413 288951
63198 273413
165892 272317
822 91154
271769 275652
202016 271769
202016 275652
152508 271769
152508 275652
152508 202016
213929 271769
213929 275652
202016 213929
152508 213929
101296 271769
101296 275652
101296 202016
101296 152508
101296 213929
202016 213928
152508 213928
213928 275652
254672 494557
43649 124725
13097 254503
317405 317406
91493 378835
378835 491146
91493 491146
44820 45068
492119 492657
396044 492119
396044 492657
145450 492119
145450 492657
145450 396044
44975 492119
44975 492657
44975 396044
44975 145450
236314 492119
236314 492657
236314 396044
145450 236314
44975 236314
72468 492037
91396 492037
72468 91396
44931 45548
16202 442058
37090 271337
124405 1281433
1281433 1281434
124405 1281434
85013 1281433
85013 124405
85013 1281434
278245 1281433
124405 278245
278245 1281434
85013 278245
612724 1281433
124405 612724
612724 1281434
85013 612724
278245 612724
13097 49093
13097 271844
49093 271844
13097 273402
49093 273402
271844 273402
275509 492561
12596 74217
30503 55482
30503 213929
55482 213929
30503 275652
55482 275652
30503 121107
55482 121107
121107 213929
121107 275652
30503 213928
55482 213928
213928 213929
121107 213928
44622 44788
44630 44788
44622 44630
44630 44820
139977 491823
121107 166528
121107 152508
152508 166528
121107 139115
139115 166528
139115 152508
55078 274986
213725 274986
55078 213725
45432 1281446
45432 1281447
1281446 1281447
45431 45432
45431 1281446
45431 1281447
45432 1281448
1281446 1281448
1281447 1281448
45431 1281448
44968 45432
44968 1281446
44968 1281447
44968 45431
44968 1281448
162093 273108
58135 273108
58135 162093
254672 493927
493927 494557
254672 443113
254672 271270
271270 443113
43297 492708
43297 491190
491190 492708
43297 491825
491825 492708
491190 491825
43297 161908
161908 492708
161908 491190
161908 491825
85425 271200
88230 276936
254400 254503
238920 278966
45946 491793
58135 161725
37090 272060
28526 491960
14048 121821
7063 14048
7063 121821
277840 277940
277940 564759
277840 564759
272039 277940
272039 277840
272039 564759
277940 931307
277840 931307
564759 931307
272039 931307
125256 277940
125256 277840
125256 564759
125256 272039
125256 931307
244806 491190
279108 279109
217704 279108
217704 279109
279108 279110
279109 279110
217704 279110
216451 279108
216451 279109
216451 217704
216451 279110
77402 279108
77402 279109
77402 217704
77402 279110
77402 216451
28790 166528
28790 214870
166528 214870
28790 121107
121107 214870
28790 257362
166528 257362
214870 257362
121107 257362
28790 214292
166528 214292
214292 214870
121107 214292
214292 257362
161568 1281462
161568 492462
492462 1281462
161568 1281463
1281462 1281463
492462 1281463
160916 161568
160916 1281462
160916 492462
160916 1281463
161568 272372
272372 1281462
272372 492462
272372 1281463
160916 272372
271589 395961
86014 395961
86014 271589
45946 288740
45946 63198
202821 215673
202821 213886
213886 215673
162609 202821
162609 215673
68 231446
231446 254100
68 254100
153928 231446
68 153928
153928 254100
44896 173273
58120 746969
275893 746969
58120 275893
132220 271337
167650 271337
132220 167650
37090 132220
37090 167650
271337 304336
132220 304336
167650 304336
37090 304336
1648 271337
1648 132220
1648 167650
1648 37090
1648 304336
44724 45578
44724 46086
45578 46086
91396 275509
32011 985358
33564 127803
33564 161801
127803 161801
33564 37474
37474 127803
37474 161801
33564 37473
37473 127803
37473 161801
37473 37474
23975 33564
23975 127803
23975 161801
23975 37474
23975 37473
253051 276887
276887 492196
253051 492196
371054 1281499
37108 371054
37108 1281499
371054 494876
494876 1281499
37108 494876
31137 371054
31137 1281499
31137 37108
31137 494876
214397 371054
214397 1281499
37108 214397
214397 494876
31137 214397
18245 271295
18245 273532
271295 273532
491196 491921
31137 491196
31137 491921
274175 491196
274175 491921
31137 274175
91396 491196
91396 491921
31137 91396
91396 274175
278587 492741
86014 278587
86014 492741
278587 400552
400552 492741
86014 400552
254400 278587
254400 492741
86014 254400
254400 400552
236314 278587
236314 492741
86014 236314
236314 400552
236314 254400
271022 493160
271022 491206
491206 493160
271022 317406
317406 493160
317406 491206
160034 271022
160034 493160
160034 491206
160034 317406
271022 317405
317405 493160
317405 491206
160034 317405
45692 148161
72468 148161
86014 273946
46086 86014
46086 273946
28526 145278
100651 113816
113816 118360
100651 118360
100649 113816
100649 100651
100649 118360
100323 113816
100323 100651
100323 118360
100323 100649
60824 113816
60824 100651
60824 118360
60824 100649
60824 100323
146109 273416
747 1000378
173273 1000378
747 173273
163232 1000378
747 163232
163232 173273
233377 1000378
747 233377
173273 233377
163232 233377
163231 1000378
747 163231
163231 173273
163231 163232
163231 233377
180406 1281514
180406 433658
433658 1281514
180406 1281515
1281514 1281515
433658 1281515
128099 180406
128099 1281514
128099 433658
128099 1281515
180406 495829
495829 1281514
433658 495829
495829 1281515
128099 495829
328395 486656
28526 174553
492207 492208
217685 492207
217685 492208
16751 270037
126741 215959
152676 278320
55098 152676
55098 278320
152676 276299
276299 278320
55098 276299
152676 495104
278320 495104
55098 495104
276299 495104
152676 509238
278320 509238
55098 509238
276299 509238
495104 509238
59568 79943
254436 274868
274762 968596
32011 274762
32011 968596
274762 278483
278483 968596
32011 278483
215528 274762
215528 968596
32011 215528
215528 278483
160871 274762
160871 968596
32011 160871
160871 278483
160871 215528
492371 854994
273399 854994
273399 492371
91168 854994
91168 492371
91168 273399
274868 854994
274868 492371
273399 274868
91168 274868
278587 854994
278587 492371
273399 278587
91168 278587
274868 278587
85425 160767
153928 215046
153928 271200
215046 271200
491190 491414
435400 747722
275838 747722
275838 435400
273662 747722
273662 435400
273662 275838
160810 747722
160810 435400
160810 275838
160810 273662
8870 747722
8870 435400
8870 275838
8870 273662
8870 160810
254400 272692
18245 215046
493849 773540
214752 773540
214752 493849
80950 147215
147215 272961
80950 272961
130845 147215
80950 130845
130845 272961
147215 147728
80950 147728
147728 272961
130845 147728
162824 279280
279092 491873
279092 345692
345692 491873
491190 491600
36134 91154
607256 1092651
197701 607256
197701 1092651
43297 607256
43297 1092651
43297 197701
491600 607256
491600 1092651
197701 491600
43297 491600
491826 607256
491826 1092651
197701 491826
43297 491826
491600 491826
284999 371054
284999 463865
371054 463865
38433 284999
38433 371054
38433 463865
284999 491191
371054 491191
463865 491191
38433 491191
31137 284999
31137 463865
31137 38433
31137 491191
486656 493279
184984 486656
184984 493279
254612 254857
86045 254857
86045 254612
1637 453841
453841 1281565
1637 1281565
453841 1281566
1637 1281566
1281565 1281566
453841 675302
1637 675302
675302 1281565
675302 1281566
453841 453842
1637 453842
453842 1281565
453842 1281566
453842 675302
45946 124725
43649 45946
124725 279219
45946 279219
43649 279219
124725 276495
45946 276495
43649 276495
276495 279219
124725 901262
45946 901262
43649 901262
279219 901262
276495 901262
254503 272194
254503 272195
272194 272195
254503 277372
272194 277372
272195 277372
254503 1281573
272194 1281573
272195 1281573
277372 1281573
254503 1126848
272194 1126848
272195 1126848
277372 1126848
1126848 1281573
28721 271124
278802 493970
152548 278802
152548 493970
47875 72468
493352 832929
321875 493352
321875 832929
160767 493352
160767 832929
160767 321875
491866 493352
491866 832929
321875 491866
160767 491866
488594 493352
488594 832929
321875 488594
160767 488594
488594 491866
270486 277833
28507 37090
45515 1281580
242848 1281580
45515 242848
46206 1281580
45515 46206
46206 242848
275096 1281580
45515 275096
242848 275096
46206 275096
278431 1281580
45515 278431
242848 278431
46206 278431
275096 278431
46206 217605
78891 166042
78891 588431
166042 588431
78891 1281585
166042 1281585
588431 1281585
78891 153624
153624 166042
153624 588431
153624 1281585
78891 1281586
166042 1281586
588431 1281586
1281585 1281586
153624 1281586
45946 277681
85425 214534
494753 1281602
1281602 1281603
494753 1281603
45557 1281602
45557 494753
45557 1281603
1281602 1281604
494753 1281604
1281603 1281604
45557 1281604
1281602 1281605
494753 1281605
1281603 1281605
45557 1281605
1281604 1281605
57030 164475
79943 202016
79943 275652
79943 152508
55078 202016
55078 79943
55078 275652
55078 152508
200723 202016
79943 200723
200723 275652
152508 200723
55078 200723
1281607 1281608
1281607 1281609
1281608 1281609
1281607 1281610
1281608 1281610
1281609 1281610
1281607 1281611
1281608 1281611
1281609 1281611
1281610 1281611
1281607 1281612
1281608 1281612
1281609 1281612
1281610 1281612
1281611 1281612
269976 275820
269976 1248719
275820 1248719
269976 270644
270644 275820
270644 1248719
37807 269976
37807 275820
37807 1248719
37807 270644
161862 269976
161862 275820
161862 1248719
161862 270644
37807 161862
127449 278587
146109 254400
162761 491825
162761 491190
217684 254436
215825 215826
47902 215825
47902 215826
153928 491190
271124 275665
271200 275665
40274 326124
40274 279633
323443 442058
442058 1281625
323443 1281625
442058 1222172
323443 1222172
1222172 1281625
350740 442058
323443 350740
350740 1281625
350740 1222172
16202 323443
16202 1281625
16202 1222172
16202 350740
275893 1281475
118100 271589
118100 273508
271589 273508
46008 118100
46008 271589
46008 273508
118100 271587
271587 271589
271587 273508
46008 271587
280333 491190
280333 834521
491190 834521
280332 280333
280332 491190
280332 834521
14048 179271
179271 214201
14048 214201
179271 1281628
14048 1281628
214201 1281628
121821 179271
121821 214201
121821 1281628
86045 179271
14048 86045
86045 214201
86045 1281628
86045 121821
1281629 1281630
60596 1281629
60596 1281630
1281629 1281631
1281630 1281631
60596 1281631
397208 1281629
397208 1281630
60596 397208
397208 1281631
490018 1281629
490018 1281630
60596 490018
490018 1281631
397208 490018
46008 162824
214190 438339
165892 214190
165892 438339
79943 214190
79943 438339
79943 165892
214190 1020901
438339 1020901
165892 1020901
79943 1020901
189743 214190
189743 438339
165892 189743
79943 189743
189743 1020901
45515 378835
160739 271856
271856 276744
160739 276744
118067 271856
118067 160739
118067 276744
215703 271856
160739 215703
215703 276744
118067 215703
59451 271856
59451 160739
59451 276744
59451 118067
59451 215703
242848 491077
214397 279633
162761 493006
270666 493006
162761 270666
216431 493006
162761 216431
216431 270666
273414 493006
162761 273414
270666 273414
216431 273414
107707 493006
107707 162761
107707 270666
107707 216431
107707 273414
215597 270031
270509 491190
270509 491600
45946 275174
45578 45946
45578 275174
44724 279219
274964 368613
44896 214682
72468 278587
72468 279280
278587 279280
822 447518
44764 44784
44764 44771
44771 44784
145637 214397
162437 275645
162437 224259
224259 275645
162437 233185
233185 275645
224259 233185
162437 215825
215825 275645
215825 224259
215825 233185
525064 1243598
525063 525064
525063 1243598
525064 525079
525079 1243598
525063 525079
525064 1281659
1243598 1281659
525063 1281659
525079 1281659
83258 525064
83258 1243598
83258 525063
83258 525079
83258 1281659
270657 1281661
63575 270657
63575 1281661
270657 1281662
1281661 1281662
63575 1281662
270657 1281663
1281661 1281663
63575 1281663
1281662 1281663
217684 270657
217684 1281661
63575 217684
217684 1281662
217684 1281663
236313 270509
20136 139984
20136 20138
20138 139984
20136 254837
139984 254837
20138 254837
20136 91336
91336 139984
20138 91336
91336 254837
20136 166042
139984 166042
20138 166042
166042 254837
91336 166042
274868 1281672
270913 492708
822 164475
144254 395946
45637 217663
152530 525670
285816 525670
152530 285816
147954 826523
371054 494608
237763 494608
237763 371054
491196 494608
371054 491196
237763 491196
479971 494608
371054 479971
237763 479971
479971 491196
31137 494608
31137 237763
31137 479971
72064 492657
44975 72064
72064 236314
275671 280332
91493 280332
91493 275671
214685 279253
214685 217580
217580 279253
279075 1281684
279075 364171
364171 1281684
279075 1281685
1281684 1281685
364171 1281685
278807 1281684
278807 364171
278807 1281685
147 279075
147 1281684
147 364171
147 1281685
147 278807
58826 797579
45637 797579
45637 58826
328395 1281686
43297 491080
43297 270037
270037 491080
21827 43297
21827 491080
21827 270037
37090 272184
213932 272184
37090 213932
388057 811023
145278 388057
145278 811023
16202 388057
16202 811023
16202 145278
254672 275671
270969 275671
254672 270969
44630 46086
44897 492561
109802 215316
215316 491368
109802 491368
173273 215316
109802 173273
173273 491368
215316 497722
109802 497722
491368 497722
173273 497722
215316 1125565
109802 1125565
491368 1125565
173273 1125565
497722 1125565
44896 164051
121504 159562
495233 1214589
217662 1214589
217662 495233
1214589 1281697
495233 1281697
217662 1281697
319661 1214589
319661 495233
217662 319661
319661 1281697
127449 1214589
127449 495233
127449 217662
127449 1281697
127449 319661
31137 164051
31137 44896
277517 493831
277517 1281698
493831 1281698
277517 1200949
493831 1200949
1200949 1281698
277517 399172
399172 493831
399172 1281698
399172 1200949
277517 1281699
493831 1281699
1281698 1281699
1200949 1281699
399172 1281699
233534 271028
400552 1173681
144254 254672
190378 254672
144254 190378
254672 276495
144254 276495
190378 276495
254672 491295
144254 491295
190378 491295
276495 491295
273548 273553
273548 491607
273553 491607
238920 273548
238920 273553
238920 491607
44976 273548
44976 273553
44976 491607
44976 238920
91271 273548
91271 273553
91271 491607
91271 238920
44976 91271
53201 64318
64318 148161
53201 148161
400552 493353
45506 270171
44971 45506
44971 270171
153870 274762
44975 270666
9372 236313
278802 323534
17964 254503
37090 214649
213670 214649
37090 213670
139113 214649
37090 139113
139113 213670
213648 214649
37090 213648
213648 213670
139113 213648
213813 214649
37090 213813
213670 213813
139113 213813
213648 213813
45946 279280
91493 279280
45946 91493
279280 400552
45946 400552
91493 400552
91168 233948
91168 233185
233185 233948
233948 273399
233185 273399
217605 270279
146188 153166
45637 57030
142036 164051
142036 271856
164051 271856
142036 152508
152508 164051
152508 271856
162824 278587
45032 328309
85425 491529
153077 491529
85425 153077
214534 491529
153077 214534
82095 697232
697232 698882
82095 698882
697232 1281737
82095 1281737
698882 1281737
463957 697232
82095 463957
463957 698882
463957 1281737
64318 697232
64318 82095
64318 698882
64318 1281737
64318 463957
31137 37107
37107 214397
161725 274262
152548 274762
118067 274762
118067 152548
152548 160871
118067 160871
17964 427153
44645 45068
254400 273413
72468 345692
72468 1281757
345692 1281757
46008 146109
44636 493553
408849 1015815
45068 408849
45068 1015815
408849 494234
494234 1015815
45068 494234
280333 408849
280333 1015815
45068 280333
280333 494234
45637 408849
45637 1015815
45068 45637
45637 494234
45637 280333
43297 274526
822 43297
822 274526
491529 495162
275500 495162
275500 491529
276495 495162
276495 491529
275500 276495
85425 495162
85425 275500
85425 276495
31137 215825
37107 215825
72468 146188
72468 145278
145278 146188
13097 166042
153166 270171
153166 276936
270171 276936
1629 153166
1629 270171
1629 276936
91396 153166
91396 270171
91396 276936
1629 91396
74568 153166
74568 270171
74568 276936
1629 74568
74568 91396
144254 443113
144254 271270
217551 217663
45637 217551
216607 491128
491128 771842
216607 771842
491128 491130
216607 491130
491130 771842
491128 491712
216607 491712
491712 771842
491130 491712
44896 491128
44896 216607
44896 771842
44896 491130
44896 491712
16751 165892
45637 45692
214095 272017
214634 272017
214095 214634
272017 795959
214095 795959
214634 795959
272017 517605
214095 517605
214634 517605
517605 795959
272017 796372
214095 796372
214634 796372
795959 796372
517605 796372
44646 44764
44975 46131
46131 163001
44975 163001
46131 85553
44975 85553
85553 163001
32011 154355
285932 492193
285932 1281780
492193 1281780
285932 1281781
492193 1281781
1281780 1281781
285932 491873
491873 492193
491873 1281780
491873 1281781
270913 285932
270913 492193
270913 1281780
270913 1281781
270913 491873
226687 1281782
877940 1281782
226687 877940
1281782 1281783
226687 1281783
877940 1281783
1281782 1281784
226687 1281784
877940 1281784
1281783 1281784
29159 1281782
29159 226687
29159 877940
29159 1281783
29159 1281784
44646 491190
2052 271589
271589 491279
2052 491279
271589 491077
2052 491077
491077 491279
46086 271589
2052 46086
46086 491279
46086 491077
52894 271589
2052 52894
52894 491279
52894 491077
46086 52894
159562 160916
109337 270969
491077 491148
494857 705053
327755 705053
327756 705053
250645 494857
250645 705053
250645 327755
250645 327756
278807 705053
250645 278807
1281793 1281794
1281793 1281795
1281794 1281795
270625 1281793
270625 1281794
270625 1281795
326124 1281793
326124 1281794
326124 1281795
270625 326124
40274 1281793
40274 1281794
40274 1281795
40274 270625
28253 491873
491873 1281797
28253 1281797
278807 491873
28253 278807
278807 1281797
215825 491873
28253 215825
215825 1281797
215825 278807
215826 491873
28253 215826
215826 1281797
215826 278807
191604 278277
159797 278277
159797 191604
43299 278277
43299 191604
43299 159797
160688 278277
160688 191604
159797 160688
43299 160688
822 278277
822 191604
822 159797
822 43299
822 160688
58135 270625
486656 1250770
491146 492810
32011 1281817
275665 1281817
32011 275665
241262 1281817
32011 241262
274526 1281817
32011 274526
28526 400552
278802 830246
1281543 1281819
728156 1281819
728156 1281543
274868 1281819
274868 1281543
274868 728156
227913 1281819
227913 1281543
227913 728156
227913 274868
899 1281819
899 1281543
899 728156
899 274868
899 227913
822 833211
85425 491080
45692 491080
45692 85425
72468 491080
72468 85425
214534 491080
45692 214534
72468 214534
91397 153928
9372 160741
162761 275893
44630 45777
10479 320601
275024 320601
10479 275024
492863 492864
273316 492863
273316 492864
421515 492863
421515 492864
273316 421515
436846 492863
436846 492864
273316 436846
421515 436846
270913 492863
270913 492864
270913 273316
270913 421515
270913 436846
126741 215958
126741 254857
215958 254857
86045 126741
86045 215958
215958 215959
215959 254857
86045 215959
126741 273405
215958 273405
254857 273405
86045 273405
215959 273405
44975 271640
903016 1281855
496002 1281855
496002 903016
491196 1281855
491196 903016
491196 496002
269932 1281855
269932 903016
269932 496002
269932 491196
118067 1281855
118067 903016
118067 496002
118067 491196
118067 269932
271999 272648
79943 272648
79943 271999
91493 272317
57636 271124
45515 46008
46008 46206
288740 1281868
63198 1281868
314625 1281868
288740 314625
63198 314625
91336 275174
107707 109753
107707 109752
109752 109753
107707 107708
107708 109753
107708 109752
107707 491764
109753 491764
109752 491764
107708 491764
36032 107707
36032 109753
36032 109752
36032 107708
36032 491764
45068 270607
45637 270607
491190 491635
491635 834521
240501 491190
240501 834521
240501 491635
491600 834521
491600 491635
240501 491600
491190 1281872
834521 1281872
491635 1281872
240501 1281872
491600 1281872
28526 388057
17296 28526
388057 1281873
17296 1281873
28526 1281873
388057 1281870
17296 1281870
28526 1281870
1281870 1281873
388057 898911
17296 898911
28526 898911
898911 1281873
898911 1281870
214782 271200
1281722 1281880
1281477 1281722
1281477 1281880
275893 1281722
275893 1281880
275893 1281477
1281722 1281881
1281880 1281881
1281477 1281881
275893 1281881
1281722 1281882
1281880 1281882
1281477 1281882
275893 1281882
1281881 1281882
832 13090
832 13097
13090 13097
832 13098
13090 13098
13097 13098
25763 111238
25763 830459
111238 830459
189203 271293
271293 1281888
189203 1281888
217727 271293
189203 217727
217727 1281888
271293 1281889
189203 1281889
1281888 1281889
217727 1281889
217684 271293
189203 217684
217684 1281888
217684 217727
217684 1281889
91396 215046
91271 280332
91271 91493
2054 45032
64878 492561
254400 492561
64878 254400
36134 213928
36134 152508
126741 491481
270509 491481
126741 270509
72426 279280
279280 305865
72426 305865
279280 405109
72426 405109
305865 405109
72426 400552
305865 400552
400552 405109
227549 279280
72426 227549
227549 305865
227549 405109
227549 400552
30868 276529
30868 241262
241262 276529
30868 275665
275665 276529
30868 162609
162609 241262
162609 275665
30868 400326
276529 400326
241262 400326
275665 400326
162609 400326
85553 270606
270606 270607
85553 270607
62060 270606
62060 85553
62060 270607
217704 270657
216451 270657
161725 215046
72468 161725
72468 215046
271587 278587
154355 159562
159562 271124
164737 215597
328309 378597
31137 213932
274262 491825
85425 127449
127449 214534
32011 1281928
32011 288951
288951 1281928
32011 276308
276308 1281928
276308 288951
2134 293491
293491 328395
2134 328395
276308 293491
2134 276308
276308 328395
21827 91336
254672 276540
27956 276540
27956 254672
275668 276540
254672 275668
27956 275668
27636 276540
27636 254672
27636 27956
27636 275668
276540 1281933
254672 1281933
27956 1281933
275668 1281933
27636 1281933
280332 491635
44812 45166
45166 45167
44812 45167
44813 45166
44812 44813
44813 45167
44814 45166
44812 44814
44814 45167
44813 44814
45166 45168
44812 45168
44813 45168
44814 45168
822 36134
13091 166042
176714 224639
164709 176714
164709 224639
164710 176714
164710 224639
164709 164710
176714 274721
224639 274721
164709 274721
164710 274721
36134 176714
36134 224639
36134 164709
36134 164710
36134 274721
13097 1281939
166042 1281939
378599 378711
378599 381475
378711 381475
45032 378599
45032 378711
45032 381475
2054 378599
2054 378711
2054 381475
378599 1281946
378711 1281946
381475 1281946
45032 1281946
2054 1281946
700051 847898
493995 847898
493995 700051
72468 847898
72468 700051
72468 493995
290547 847898
290547 700051
290547 493995
72468 290547
2133 847898
2133 700051
2133 493995
2133 72468
2133 290547
154538 408850
217548 408850
154538 217548
45068 408850
45068 154538
45068 217548
59859 408850
59859 154538
59859 217548
45068 59859
45692 408850
45692 154538
45692 217548
45692 59859
12596 224259
12596 164709
164709 224259
40274 46008
40274 271587
154355 491921
271124 491921
1281963 1281964
1281963 1281965
1281964 1281965
44528 1281963
44528 1281964
44528 1281965
61455 1281963
61455 1281964
61455 1281965
44528 61455
270776 1281963
270776 1281964
270776 1281965
44528 270776
61455 270776
146188 270969
12677 197701
12677 491600
197701 279589
12677 279589
279589 491600
45594 284585
45524 45594
45524 284585
45594 45835
45835 284585
45524 45835
45594 279219
279219 284585
45524 279219
45835 279219
44971 45594
44971 284585
44971 45524
44971 45835
44971 279219
274762 1281982
274762 278802
278802 1281982
215528 1281982
215528 278802
118067 1281982
118067 278802
118067 215528
160871 1281982
160871 278802
28526 270912
491607 493070
215497 491080
272692 278079
162195 491190
21827 491414
125754 152508
125754 213928
146188 276308
270969 276308
91397 273402
79943 213928
102062 400552
43297 244806
161725 215959
215497 273555
44975 326124
542 254400
44645 44764
214095 214723
491478 797579
797579 1282020
491478 1282020
58826 491478
58826 1282020
797579 1282021
491478 1282021
1282020 1282021
58826 1282021
45637 491478
45637 1282020
45637 1282021
152548 154355
154355 214782
152548 214782
91154 273416
91396 273416
91154 91396
88230 276887
491190 494603
491600 494603
146109 1282039
492561 1282039
146109 492561
373579 1282040
373579 491960
491960 1282040
373579 843106
843106 1282040
491960 843106
91154 274721
68 274721
68 91154
109337 491825
518336 1282044
518336 1282045
1282044 1282045
518336 1282046
1282044 1282046
1282045 1282046
518336 1282047
1282044 1282047
1282045 1282047
1282046 1282047
518336 1282048
1282044 1282048
1282045 1282048
1282046 1282048
1282047 1282048
91493 278587
46246 491523
44660 491523
46246 46247
46247 491523
44660 46247
45168 491523
45168 46247
46248 491523
46247 46248
31137 277305
165892 277305
31137 165892
37108 277305
37108 165892
236314 270913
45946 270911
125754 491122
215497 491122
125754 215497
91154 491122
91154 125754
91154 215497
213928 491122
213928 215497
91154 213928
152508 491122
152508 215497
91154 152508
37367 85425
37367 214534
85425 214397
37367 214397
214397 214534
85425 275645
37367 275645
214534 275645
214397 275645
37107 271200
86045 254400
44660 44812
5404 1281928
5404 276308
328395 1281928
5404 328395
200594 217654
160741 160744
45220 217684
46131 305212
18245 52894
28526 274452
130176 164475
822 130176
45777 45835
44724 45777
44724 45835
270486 1282090
276308 278079
18245 162437
91396 162093
161201 165892
822 159754
159754 1199409
822 1199409
244142 491196
37108 244142
37108 491196
244142 269932
37108 269932
244142 278029
278029 491196
37108 278029
269932 278029
31137 244142
31137 269932
31137 278029
272748 328309
161725 254612
275500 492624
276495 492624
85425 492624
491529 492624
492624 495162
153870 154355
85999 166042
278018 858487
179093 278018
179093 858487
278018 1282112
858487 1282112
179093 1282112
278018 1282113
858487 1282113
179093 1282113
1282112 1282113
278018 1282114
858487 1282114
179093 1282114
1282112 1282114
1282113 1282114
148161 388057
145278 148161
148161 811023
16202 148161
276495 276540
43649 276540
276495 400552
43649 400552
276540 400552
1282130 1282131
826523 1282130
826523 1282131
491467 1282130
491467 1282131
491467 826523
1282130 1282132
1282131 1282132
826523 1282132
491467 1282132
147954 1282130
147954 1282131
147954 491467
147954 1282132
466987 493775
493775 874925
466987 874925
100538 493775
100538 466987
100538 874925
270607 493775
270607 466987
270607 874925
100538 270607
85553 493775
85553 466987
85553 874925
85553 100538
72064 491481
44975 491481
44976 72064
44975 44976
44976 491481
72064 159658
44975 159658
159658 491481
44976 159658
72064 273532
44975 273532
273532 491481
44976 273532
159658 273532
270625 349852
326124 349852
349852 1282136
270625 1282136
326124 1282136
349852 1282137
270625 1282137
326124 1282137
1282136 1282137
163001 349852
163001 270625
163001 326124
163001 1282136
163001 1282137
275509 1282039
275509 1281939
1281939 1282039
13097 275509
13097 1282039
146109 275509
146109 1281939
13097 146109
91396 1282039
91396 1281939
13097 91396
91396 146109
160741 314018
160741 280082
280082 314018
160741 1282145
314018 1282145
280082 1282145
160741 272222
272222 314018
272222 280082
272222 1282145
45289 160741
45289 314018
45289 280082
45289 1282145
45289 272222
21827 44630
29204 1282149
161066 1282149
29204 161066
272692 1282149
29204 272692
161066 272692
68 1282149
68 29204
68 161066
68 272692
278079 1282149
29204 278079
161066 278079
68 278079
59658 319971
270031 319971
32675 319971
270279 273532
45548 163001
228310 492196
843155 1282160
843155 1282161
1282160 1282161
13091 843155
13091 1282160
13091 1282161
277840 843155
277840 1282160
277840 1282161
13091 277840
492037 843155
492037 1282160
492037 1282161
13091 492037
277840 492037
72064 236312
44975 236312
18245 72064
18245 44975
18245 236312
72064 236313
44975 236313
236312 236313
18245 236313
236312 236314
18245 236314
236313 236314
217756 1282164
217756 1282165
1282164 1282165
217756 494099
494099 1282164
494099 1282165
217756 1282166
1282164 1282166
1282165 1282166
494099 1282166
217756 217759
217759 1282164
217759 1282165
217759 494099
217759 1282166
70 262059
70 1282167
262059 1282167
70 688728
262059 688728
688728 1282167
70 1282168
262059 1282168
1282167 1282168
688728 1282168
70 1282169
262059 1282169
1282167 1282169
688728 1282169
1282168 1282169
491923 491924
326124 491923
326124 491924
491923 491925
491924 491925
326124 491925
491923 1282175
491924 1282175
326124 1282175
491925 1282175
44975 491923
44975 491924
44975 491925
44975 1282175
85425 154355
46087 139977
44639 44771
254503 273231
215959 273231
215959 254503
272974 273231
254503 272974
215959 272974
273231 274254
254503 274254
215959 274254
272974 274254
45548 148161
45548 91271
91271 148161
827 320601
827 275024
275008 321066
31137 321066
31137 275008
91396 321066
91396 275008
118100 492265
492265 492266
118100 492266
317406 492265
118100 317406
317406 492266
317405 492265
118100 317405
317405 492266
46008 492265
46008 492266
46008 317406
46008 317405
217746 271577
272017 278587
235010 702883
85425 235010
85425 702883
46990 235010
46990 702883
46990 85425
235010 286144
286144 702883
85425 286144
46990 286144
235010 274090
274090 702883
85425 274090
46990 274090
274090 286144
2109 10923
10923 44640
2109 44640
10923 215481
2109 215481
44640 215481
10923 215482
2109 215482
44640 215482
215481 215482
10923 168996
2109 168996
44640 168996
168996 215481
168996 215482
45946 270666
409921 848760
409921 1282211
848760 1282211
409921 1282212
848760 1282212
1282211 1282212
409921 848761
848760 848761
848761 1282211
848761 1282212
409921 1282213
848760 1282213
1282211 1282213
1282212 1282213
848761 1282213
68 215046
68 91396
91458 493406
43787 271169
379008 492051
254436 492051
254436 379008
44639 44764
270911 270912
160290 270911
160290 270912
91493 145278
32011 59658
32011 270031
32011 32675
43787 271171
251486 773540
251486 493849
500703 773540
493849 500703
251486 500703
773540 1282235
493849 1282235
251486 1282235
500703 1282235
1813 773540
1813 493849
1813 251486
1813 500703
1813 1282235
272680 275671
233534 272572
288740 288951
154355 278483
44646 328309
214723 275652
79943 214723
52894 254612
254612 492266
52894 492266
12677 491826
44636 45068
310870 454043
275768 454043
275768 310870
109337 454043
109337 310870
109337 275768
147347 454043
147347 310870
147347 275768
109337 147347
148406 454043
148406 310870
148406 275768
109337 148406
147347 148406
32011 319971
542 378835
49093 145637
44695 847898
44695 47875
47875 847898
44695 46087
46087 847898
46087 47875
44695 46086
46086 847898
46086 47875
46086 46087
44695 46206
46206 847898
46206 47875
46087 46206
46086 46206
91396 492196
91396 276887
270037 1200850
16202 270037
16202 1200850
25525 25732
25525 830480
25732 830480
25525 409073
25732 409073
409073 830480
25525 278802
25732 278802
278802 830480
278802 409073
25525 213932
25732 213932
213932 830480
213932 409073
213932 278802
58826 300778
45637 300778
44771 45637
492283 493849
328309 492283
328309 493849
59658 272692
217663 491439
45637 491439
389116 830246
278802 389116
152548 830246
152548 389116
80581 830246
80581 389116
80581 278802
80581 152548
830246 1282271
389116 1282271
278802 1282271
152548 1282271
80581 1282271
43787 45946
43649 43787
68 277305
68 31137
217645 328395
228310 493068
287533 493068
228310 287533
227061 493068
227061 228310
227061 287533
493068 493070
228310 493070
287533 493070
227061 493070
271640 493068
228310 271640
271640 287533
227061 271640
271640 493070
491190 491826
30868 92512
30868 274526
72529 72531
72531 126217
72529 126217
72531 252997
72529 252997
126217 252997
48566 72531
48566 72529
48566 126217
48566 252997
72527 72531
72527 72529
72527 126217
72527 252997
48566 72527
44645 217694
44645 44771
44771 217694
44764 217694
57507 159405
57507 1034610
159405 1034610
47902 57507
47902 159405
47902 1034610
57507 161588
159405 161588
161588 1034610
47902 161588
57507 159562
159405 159562
159562 1034610
47902 159562
159562 161588
822 275820
822 270644
18245 191008
2133 28526
270709 272060
37090 270709
36134 270644
5404 492505
227913 492505
5404 227913
492505 1281928
227913 1281928
276308 492505
227913 276308
328395 492505
227913 328395
217640 279280
162824 495902
162824 290421
290421 495902
162824 226975
226975 495902
226975 290421
162824 492421
492421 495902
290421 492421
226975 492421
162824 1282300
495902 1282300
290421 1282300
226975 1282300
492421 1282300
822 6819
17964 254612
46086 145278
46086 493406
145278 493406
162824 276308
213886 323534
213886 278802
162609 323534
162609 278802
91168 277611
91168 1282313
277611 1282313
233948 277611
233948 1282313
91168 162437
162437 277611
162437 1282313
162437 233948
91168 215825
215825 277611
215825 1282313
215825 233948
44897 45702
1281475 1282321
59658 1282321
59658 1281475
1281722 1282321
1281475 1281722
59658 1281722
1281476 1282321
1281475 1281476
59658 1281476
1281476 1281722
275893 1282321
59658 275893
275893 1281476
159937 338906
338906 491196
159937 491196
37108 338906
37108 159937
338906 491299
159937 491299
491196 491299
37108 491299
31137 338906
31137 159937
31137 491299
746969 1282334
58120 1282334
152508 746969
152508 1282334
58120 152508
57163 746969
57163 1282334
57163 58120
57163 152508
275893 1282334
152508 275893
57163 275893
166042 348159
145278 400552
411120 491191
31137 411120
491944 1282350
1282350 1282351
491944 1282351
259765 1282350
259765 491944
259765 1282351
1282350 1282352
491944 1282352
1282351 1282352
259765 1282352
272648 1282350
272648 491944
272648 1282351
259765 272648
272648 1282352
164051 214397
164051 271200
214397 271200
130581 388488
44975 831605
270509 831605
44975 270509
276308 278966
46086 91271
79943 1282368
152508 1282368
273205 495149
20432 273205
20432 495149
273205 358047
358047 495149
20432 358047
132823 273205
132823 495149
20432 132823
132823 358047
1294 273205
1294 495149
1294 20432
1294 358047
1294 132823
127449 273399
109337 273399
109337 127449
217744 493995
217744 1282372
493995 1282372
217744 1282373
493995 1282373
1282372 1282373
217744 493997
493995 493997
493997 1282372
493997 1282373
217744 493998
493995 493998
493998 1282372
493998 1282373
493997 493998
44975 270913
23642 371612
23642 491146
371612 491146
23642 224717
224717 371612
224717 491146
23642 157991
157991 371612
157991 491146
157991 224717
23642 279280
279280 371612
279280 491146
224717 279280
157991 279280
491635 491825
447518 491825
447518 491190
447518 491635
214190 270709
214190 272060
328395 1279880
36134 154355
44784 44785
44784 1282380
44785 1282380
44784 44786
44785 44786
44786 1282380
44771 44785
44771 1282380
44771 44786
44764 44785
44764 1282380
44764 44786
44658 58826
318378 477006
318378 1282382
477006 1282382
822 318378
822 477006
822 1282382
318378 379056
379056 477006
379056 1282382
822 379056
245185 318378
245185 477006
245185 1282382
822 245185
245185 379056
45835 86045
287993 311970
287993 494997
311970 494997
215989 287993
215989 311970
215989 494997
215597 287993
215597 311970
215597 494997
215597 215989
196187 287993
196187 311970
196187 494997
196187 215989
196187 215597
152508 154355
91154 161725
91396 161725
6819 275893
36134 152548
154355 278802
36134 278802
274452 1281684
165892 494463
216431 494463
165892 216431
217551 492561
217551 254400
152548 219569
165892 233377
79943 275893
126741 273231
126741 160739
160739 273231
160739 215959
215046 491414
91396 491414
319971 1282390
59658 1282390
154381 1282390
154381 319971
59658 154381
270031 1282390
154381 270031
275893 1282390
275893 319971
154381 275893
270031 275893
145637 200594
214397 317461
290380 486656
290380 1250770
486656 1282397
1250770 1282397
290380 1282397
318361 486656
318361 1250770
290380 318361
318361 1282397
486656 1282398
1250770 1282398
290380 1282398
1282397 1282398
318361 1282398
31137 272017
164051 489179
59658 489179
59658 164051
190378 489179
164051 190378
59658 190378
276507 317460
214397 317460
214397 276507
216227 491080
36134 216227
36134 491080
272001 387868
12677 31137
12677 37107
270825 274451
270825 847957
274451 847957
270825 270826
270826 274451
270826 847957
270825 1282416
274451 1282416
847957 1282416
270826 1282416
270825 1282417
274451 1282417
847957 1282417
270826 1282417
1282416 1282417
492320 492321
184984 492320
184984 492321
273402 492320
273402 492321
184984 273402
82319 492320
82319 492321
82319 184984
82319 273402
492320 1282418
492321 1282418
184984 1282418
273402 1282418
82319 1282418
525171 1281686
328395 525171
822 161908
272096 491584
272096 1282423
491584 1282423
272096 273555
273555 491584
273555 1282423
152961 272096
152961 491584
152961 1282423
152961 273555
152924 272096
152924 491584
152924 1282423
152924 273555
152924 152961
174553 495125
495125 839012
174553 839012
250448 495125
174553 250448
250448 839012
250449 495125
174553 250449
250449 839012
250448 250449
224449 495125
174553 224449
224449 839012
224449 250448
224449 250449
68 214397
160741 1281672
13091 13097
91168 491146
273399 491146
45946 272372
272372 345692
45946 345692
272372 491080
45946 491080
345692 491080
35017 319971
35017 59658
35017 270031
32675 35017
45506 491967
491967 1282440
45506 1282440
43649 491967
43649 45506
43649 1282440
43787 491967
43787 45506
43787 1282440
400552 491967
45506 400552
400552 1282440
43787 400552
91493 160741
145278 270912
273702 277442
191008 273702
191008 277442
273702 274776
274776 277442
191008 274776
86045 273702
86045 277442
86045 191008
86045 274776
273702 492891
277442 492891
191008 492891
274776 492891
86045 492891
80989 272452
79943 272452
79943 80989
272452 1282368
80989 1282368
25268 272452
25268 80989
25268 79943
25268 1282368
272452 491348
80989 491348
79943 491348
491348 1282368
25268 491348
270171 276887
270171 492196
153077 280333
153077 280332
46131 491190
14048 302040
16444 302040
14048 16444
121821 302040
16444 121821
7063 302040
7063 16444
46327 302040
14048 46327
16444 46327
46327 121821
7063 46327
325151 491548
162195 491548
162195 325151
395961 491548
325151 395961
162195 395961
491548 1281846
325151 1281846
162195 1281846
395961 1281846
491548 983265
325151 983265
162195 983265
395961 983265
983265 1281846
491193 491195
138955 491195
138955 491193
491195 1282450
491193 1282450
138955 1282450
271199 491195
271199 491193
138955 271199
271199 1282450
31137 491195
31137 491193
31137 138955
31137 1282450
31137 271199
40274 228310
400552 612724
400552 405351
108429 1199463
32011 1199463
32011 108429
271293 1199463
108429 271293
32011 271293
985358 1199463
108429 985358
271293 985358
32675 1199463
32675 108429
32675 271293
32675 985358
271999 492708
254612 273532
427153 491325
277724 491841
491841 1282468
277724 1282468
217650 491841
217650 277724
217650 1282468
13 491841
13 277724
13 1282468
13 217650
277725 491841
277724 277725
277725 1282468
217650 277725
13 277725
28703 494927
35896 494927
28703 35896
494927 1157394
28703 1157394
35896 1157394
193810 494927
28703 193810
35896 193810
193810 1157394
214634 494927
28703 214634
35896 214634
214634 1157394
193810 214634
153870 494393
154355 494393
72468 279092
72468 491873
57030 164051
270037 1281351
1200850 1281351
16202 1281351
85425 269932
31137 85425
214397 269932
214534 269932
31137 214534
217641 241189
241189 491155
217641 491155
241189 491156
217641 491156
491155 491156
160741 241189
160741 217641
160741 491155
160741 491156
160744 241189
160744 217641
160744 491155
160744 491156
270911 743758
321066 463865
321066 887557
463865 887557
321066 491196
463865 491196
491196 887557
37108 321066
37108 463865
37108 887557
31137 887557
213932 213989
276308 492561
254400 276308
153166 1281817
274175 1281817
153166 274175
91396 1281817
32011 153166
32011 274175
32011 91396
250828 252079
278802 491921
174553 278807
49096 62957
49096 145637
62957 145637
49096 1126933
62957 1126933
145637 1126933
49096 494759
62957 494759
145637 494759
494759 1126933
288950 288951
63198 288950
273413 288950
38210 288951
38210 63198
38210 273413
38210 288950
288951 1193274
63198 1193274
273413 1193274
288950 1193274
38210 1193274
34974 491080
34974 345692
34974 72468
45692 345692
34974 45692
215959 491080
215959 345692
72468 215959
34974 215959
45692 215959
276495 387868
85425 387868
271293 271858
164051 271858
164051 271293
271858 491295
271293 491295
164051 491295
146188 270912
270912 270969
31137 69202
69202 214397
271482 272961
147215 271482
130845 271482
885308 1278304
161585 885308
161585 1278304
491080 885308
491080 1278304
161585 491080
825 885308
825 1278304
825 161585
825 491080
387868 885308
387868 1278304
161585 387868
387868 491080
825 387868
91493 217640
275022 275024
60198 275022
60198 275024
275022 1282515
275024 1282515
60198 1282515
275022 1282516
275024 1282516
60198 1282516
1282515 1282516
24107 275022
24107 275024
24107 60198
24107 1282515
24107 1282516
236314 274867
91396 254612
37090 152508
145637 273402
91397 145637
197701 491873
491873 1282531
197701 1282531
197701 215825
215825 1282531
197701 215826
215826 1282531
164475 491873
164475 197701
164475 1282531
164475 215825
164475 215826
279280 290421
91271 290421
91271 279280
491825 494603
491635 494603
279589 494603
279589 491825
279589 491190
279589 491635
447518 494603
279589 447518
12596 492786
177384 213932
57640 177384
57640 213932
177384 214160
213932 214160
57640 214160
493338 493339
493338 493340
493339 493340
355279 493338
355279 493339
355279 493340
160741 493338
160741 493339
160741 493340
160741 355279
335047 493338
335047 493339
335047 493340
335047 355279
160741 335047
61908 271058
245251 271058
61908 245251
271058 1201888
61908 1201888
245251 1201888
271058 1282559
61908 1282559
245251 1282559
1201888 1282559
271058 378851
61908 378851
245251 378851
378851 1201888
378851 1282559
163482 491529
85425 163482
153077 163482
163482 275500
153077 275500
28526 491529
28526 163482
28526 85425
28526 153077
28526 275500
45637 72468
45637 492037
270607 279945
85553 279945
270607 273775
85553 273775
273775 279945
270606 279945
270606 273775
62060 279945
62060 273775
492734 1282579
146137 492734
146137 1282579
470716 492734
470716 1282579
146137 470716
492734 1282580
1282579 1282580
146137 1282580
470716 1282580
274452 492734
274452 1282579
146137 274452
274452 470716
274452 1282580
91271 271589
145637 278966
32394 491778
491778 1282598
32394 1282598
189495 491778
32394 189495
189495 1282598
28526 491778
28526 32394
28526 1282598
28526 189495
168687 491778
32394 168687
168687 1282598
168687 189495
28526 168687
32011 491687
153928 491600
270911 273416
91336 491279
6819 271238
37108 278028
45702 278028
37108 45702
278028 278029
45702 278029
31137 278028
31137 45702
277305 278028
45702 277305
277305 278029
18510 44771
44771 45013
491190 493279
491600 493279
13097 491791
13088 491791
13088 13097
832 491791
832 13088
13098 491791
13088 13098
13090 491791
13088 13090
166685 217744
2134 492505
16751 274452
227260 1282617
37367 1282617
37367 227260
492283 1282617
227260 492283
37367 492283
1282617 1282618
227260 1282618
37367 1282618
492283 1282618
250895 1282617
227260 250895
37367 250895
250895 492283
250895 1282618
127449 236313
44658 44724
202016 494393
2134 1282639
276308 1282639
272372 491190
276308 276936
91396 276308
491196 491825
79943 213929
79943 121107
30504 690888
197140 690888
30504 197140
271200 690888
30504 271200
197140 271200
83686 690888
30504 83686
83686 197140
83686 271200
271201 690888
30504 271201
197140 271201
271200 271201
83686 271201
707998 1282657
1282657 1282658
707998 1282658
1282657 1282659
707998 1282659
1282658 1282659
1282657 1282660
707998 1282660
1282658 1282660
1282659 1282660
90028 1282657
90028 707998
90028 1282658
90028 1282659
90028 1282660
152548 1281868
63198 152548
11927 163219
117701 163219
11927 117701
163219 277833
11927 277833
117701 277833
163219 270172
11927 270172
117701 270172
270172 277833
163219 270485
11927 270485
117701 270485
270485 277833
270172 270485
44636 45075
492708 1281780
491873 492708
251846 278807
272017 277611
164051 254672
164051 275671
37107 144254
31137 144254
59658 272648
32011 272648
270031 272648
26826 131940
131940 288694
26826 288694
131940 870093
26826 870093
288694 870093
131940 288695
26826 288695
288694 288695
288695 870093
131940 214332
26826 214332
214332 288694
214332 870093
214332 288695
491190 1201492
491600 1201492
215825 278079
215826 278079
58135 217684
153928 214397
91493 126716
79943 279092
79943 491873
45728 255086
45729 255086
45728 45729
44662 255086
44662 45728
44662 45729
44788 255086
44788 45728
44788 45729
44662 44788
44630 255086
44630 45728
44630 45729
44630 44662
13091 217727
13091 217684
217645 495308
217645 491793
491793 495308
217645 217647
217647 495308
217647 491793
217645 271295
271295 495308
271295 491793
217647 271295
126773 217645
126773 495308
126773 491793
126773 217647
126773 271295
64878 72468
13097 64878
13097 72468
64878 405351
72468 405351
13097 405351
45692 64878
13097 45692
45692 405351
64878 91271
72468 91271
13097 91271
91271 405351
45692 91271
273231 492850
274254 492850
254503 492850
215959 492850
91493 495902
279280 495902
166042 277940
166042 277840
166042 272039
254612 492891
13645 57030
13645 164475
57030 161637
13645 161637
161637 164475
57030 145117
13645 145117
145117 164475
145117 161637
48284 57030
13645 48284
48284 164475
48284 161637
48284 145117
146109 387868
491146 493553
160741 277611
91271 91396
91271 91397
91396 91397
58 586285
58 59
59 586285
58 586287
586285 586287
59 586287
58 999302
586285 999302
59 999302
586287 999302
58 60
60 586285
59 60
60 586287
60 999302
59658 161725
161725 273416
59658 273416
161725 217684
59658 217684
217684 273416
44630 161725
44630 59658
44630 273416
44630 217684
59658 91396
91396 217684
44630 91396
451774 1282747
492736 1282747
451774 492736
1282747 1282748
451774 1282748
492736 1282748
177492 1282747
177492 451774
177492 492736
177492 1282748
1282747 1282749
451774 1282749
492736 1282749
1282748 1282749
177492 1282749
72468 388057
16202 72468
44660 159658
44975 280333
44724 275893
153928 274262
320601 492210
275024 492210
827 492210
320601 1282760
275024 1282760
827 1282760
492210 1282760
827 10479
10479 492210
10479 1282760
213932 271200
57640 271200
73224 491334
276507 317461
317460 317461
12596 317461
12596 276507
12596 317460
32011 317461
32011 276507
32011 317460
12596 32011
12596 214397
32011 214397
45637 278587
109035 492429
276695 492429
109035 276695
270852 492429
109035 270852
270852 276695
270037 492429
109035 270037
270037 276695
270037 270852
28721 492429
28721 109035
28721 276695
28721 270852
28721 270037
491190 495859
254436 495859
254436 491190
13097 495859
13097 491190
13097 254436
47875 495859
47875 491190
47875 254436
13097 47875
400552 495859
400552 491190
254436 400552
13097 400552
47875 400552
228310 491547
491547 1282777
228310 1282777
491547 842865
228310 842865
842865 1282777
297587 491547
228310 297587
297587 1282777
297587 842865
491547 700742
228310 700742
700742 1282777
700742 842865
297587 700742
273413 275665
241262 273413
273413 274526
32011 273413
270279 508186
508186 510150
270279 510150
45688 508186
45688 270279
45688 510150
8344 508186
8344 270279
8344 510150
8344 45688
40274 508186
40274 270279
40274 510150
40274 45688
8344 40274
59658 161950
161950 675853
59658 675853
37700 161950
37700 59658
37700 675853
161950 1282780
59658 1282780
675853 1282780
37700 1282780
24907 161950
24907 59658
24907 675853
24907 37700
24907 1282780
23642 214752
214752 491146
214752 279280
23642 91493
91493 214752
23642 491736
214752 491736
491146 491736
279280 491736
91493 491736
276936 348159
88230 348159
254400 314625
44844 45724
45724 1282784
44844 1282784
45724 1263047
44844 1263047
1263047 1282784
45724 1282785
44844 1282785
1282784 1282785
1263047 1282785
45724 1282786
44844 1282786
1282784 1282786
1263047 1282786
1282785 1282786
177384 491901
213932 491901
254400 272680
214782 271124
45032 400552
45032 236313
236313 400552
241262 491921
31137 241262
91396 241262
45548 278924
278924 1282797
45548 1282797
191008 278924
45548 191008
191008 1282797
44931 278924
44931 1282797
44931 191008
276783 278924
45548 276783
276783 1282797
191008 276783
44931 276783
345692 387868
72468 387868
34974 387868
45548 197701
215046 491921
28790 491080
28790 387868
215046 270486
254672 1281709
494557 1281709
18615 254672
18615 494557
18615 1281709
491295 494557
491295 1281709
18615 491295
21827 254672
21827 494557
21827 1281709
18615 21827
21827 491295
215046 270485
45220 217694
43999 217694
43999 45220
68 145637
491772 494393
275652 491772
275652 494393
202016 491772
213929 491772
213929 494393
152508 491772
152508 494393
202821 494699
215673 494699
44724 202821
44724 215673
44724 494699
213886 494699
44724 213886
162609 494699
44724 162609
44660 45166
491512 491513
46131 270625
1986 162824
68 162824
68 1986
273231 427154
28526 217663
28526 45637
28526 1281672
217746 328309
217746 378597
45649 328309
45649 378597
45649 217746
378597 492283
217746 492283
45649 492283
328309 348159
348159 378597
217746 348159
45649 348159
348159 492283
164051 214685
214685 254672
45692 274868
159562 251846
88230 492196
45548 46131
31137 215046
542 44975
542 270913
48566 398792
91271 91458
121107 272017
146188 274868
40274 274868
40274 146188
72528 398792
7937 72528
7937 398792
72528 72529
72529 398792
7937 72529
48566 72528
7937 48566
72528 577102
398792 577102
7937 577102
72529 577102
48566 577102
1282876 1282877
1282844 1282876
1282844 1282877
1282876 1282878
1282877 1282878
1282844 1282878
1281868 1282876
1281868 1282877
1281868 1282844
1281868 1282878
288740 1282876
288740 1282877
288740 1282844
288740 1282878
270912 273416
160290 273416
91396 270911
91396 270912
91396 160290
45578 273946
322146 491423
271577 491423
271577 322146
272748 491423
272748 322146
271577 272748
271943 491423
271943 322146
271577 271943
271943 272748
217746 491423
217746 322146
217746 272748
217746 271943
225699 276749
270167 276749
225699 270167
33286 276749
33286 225699
33286 270167
276749 276752
225699 276752
270167 276752
33286 276752
778 276749
778 225699
778 270167
778 33286
778 276752
495578 1282891
91458 495578
91458 1282891
495578 1282892
1282891 1282892
91458 1282892
495578 1282893
1282891 1282893
91458 1282893
1282892 1282893
452172 495578
452172 1282891
91458 452172
452172 1282892
452172 1282893
28721 214782
214397 214782
28721 214397
44711 273405
44710 273405
44710 44711
44764 273405
44711 44764
44710 44764
273405 493455
44711 493455
44710 493455
44764 493455
44646 273405
44646 44711
44646 44710
44646 493455
80950 271482
147728 271482
278483 1199463
494462 494463
130581 494462
130581 494463
274487 494462
274487 494463
130581 274487
388488 494462
388488 494463
274487 388488
16751 494462
16751 494463
16751 130581
16751 274487
16751 388488
491130 495557
216607 495557
44896 495557
37108 491130
37108 216607
37108 495557
37108 44896
164737 491130
164737 216607
164737 495557
44896 164737
37108 164737
109802 214397
271028 272572
233533 233534
233533 271028
233533 272572
61043 233534
61043 271028
61043 272572
61043 233533
233534 1282910
271028 1282910
272572 1282910
233533 1282910
61043 1282910
91154 274262
45946 495308
20765 46087
20765 717557
46087 717557
20765 139977
139977 717557
20765 491823
46087 491823
491823 717557
20765 493591
46087 493591
493591 717557
139977 493591
491823 493591
160389 1282921
160389 378835
378835 1282921
1670 160389
1670 1282921
1670 378835
160389 160391
160391 1282921
160391 378835
1670 160391
91493 160389
91493 1282921
1670 91493
91493 160391
91493 236313
91271 236313
45548 279245
130176 275652
79943 130176
130176 202016
139115 275652
79943 139115
139115 202016
130176 139115
130176 152508
275123 1281672
28526 275123
279245 491512
279245 491513
491512 493751
491513 493751
279245 493751
491512 1104549
491513 1104549
279245 1104549
493751 1104549
491512 1282940
491513 1282940
279245 1282940
493751 1282940
1104549 1282940
31137 214782
31137 271124
214397 271124
492182 1282944
58195 1282944
58195 492182
58196 1282944
58196 492182
58195 58196
153606 1282944
153606 492182
58195 153606
58196 153606
121504 1282944
121504 492182
58195 121504
58196 121504
121504 153606
493849 1282945
45032 493849
45032 1282945
493849 1282946
1282945 1282946
45032 1282946
493849 1282947
1282945 1282947
45032 1282947
1282946 1282947
493849 1282948
1282945 1282948
45032 1282948
1282946 1282948
1282947 1282948
33857 160391
160391 288740
63198 160391
91493 491190
207369 794683
207369 491687
491687 794683
207369 241236
241236 794683
241236 491687
207369 270146
270146 794683
270146 491687
241236 270146
91154 207369
91154 794683
91154 491687
91154 241236
91154 270146
31137 271200
31137 215703
215703 271200
491334 810936
491334 1282965
810936 1282965
46386 491334
46386 810936
46386 1282965
491334 1282966
810936 1282966
1282965 1282966
46386 1282966
73224 810936
73224 1282965
46386 73224
73224 1282966
86014 102062
45032 102062
45032 86014
102062 278587
45032 278587
400552 493788
102062 493788
86014 493788
45032 493788
278587 493788
215597 216607
38210 1282969
38210 495520
495520 1282969
288951 1282969
63198 1282969
273413 1282969
166040 849262
85999 166040
85999 849262
148055 166040
148055 849262
85999 148055
166040 841946
841946 849262
85999 841946
148055 841946
148280 166040
148280 849262
85999 148280
148055 148280
148280 841946
72531 273548
72531 273553
44646 45649
399900 636477
399900 1173681
636477 1173681
68 276936
159562 276936
68 159562
213725 317586
274986 317586
55078 317586
213000 317586
213000 213725
213000 274986
55078 213000
34151 317586
34151 213725
34151 274986
34151 55078
34151 213000
32675 278483
145278 217613
160741 163482
174553 743758
492505 496010
2134 496010
276308 496010
278966 492505
278966 496010
2134 278966
25763 271999
111238 271999
279280 491334
28526 491334
28526 279280
482814 525670
525670 1282987
482814 1282987
152530 482814
152530 1282987
61955 525670
61955 482814
61955 1282987
61955 152530
285816 482814
285816 1282987
61955 285816
45340 45341
44771 45341
44771 45340
44764 45341
44764 45340
44820 45341
44820 45340
44771 44820
44764 44820
44636 45341
44636 45340
44636 44771
44636 44764
44636 44820
219569 1202427
152548 1202427
278802 1202427
219569 278802
493970 1202427
219569 493970
494436 1202427
219569 494436
152548 494436
278802 494436
493970 494436
242848 491146
16376 153166
16376 91396
14048 43787
238822 275671
238822 272680
275671 437048
272680 437048
238822 437048
538 275671
538 272680
538 238822
538 437048
275671 491972
272680 491972
238822 491972
437048 491972
538 491972
213932 271146
271146 280521
213932 280521
271146 1283038
213932 1283038
280521 1283038
98203 271146
98203 213932
98203 280521
98203 1283038
271146 317877
213932 317877
280521 317877
317877 1283038
98203 317877
44639 45887
44630 45887
44630 44639
44636 45887
44636 44639
44630 44636
45075 45887
44639 45075
44630 45075
45887 1283047
44639 1283047
44630 1283047
44636 1283047
45075 1283047
37107 492636
20272 492636
20272 37107
492565 492636
37107 492565
20272 492565
278802 492636
37107 278802
20272 278802
278802 492565
37108 492636
37107 37108
20272 37108
37108 492565
37108 278802
142036 271858
271858 489179
142036 489179
57030 271858
57030 142036
57030 489179
14534 271858
14534 142036
14534 489179
14534 164051
14534 57030
45167 159658
22416 79943
22416 130176
44976 492119
126716 491325
271589 491325
126716 271589
278966 491325
126716 278966
271589 278966
271587 491325
126716 271587
271587 278966
96185 491325
96185 126716
96185 271589
96185 278966
96185 271587
254672 395946
67283 254672
67283 144254
67283 395946
395946 443113
67283 443113
271270 395946
67283 271270
231446 272372
153928 494603
214682 493669
270824 493669
214682 270824
491693 493669
214682 491693
270824 491693
493669 1283075
214682 1283075
270824 1283075
491693 1283075
244168 493669
214682 244168
244168 270824
244168 491693
244168 1283075
46374 643612
46374 46375
46375 643612
46374 46376
46376 643612
46375 46376
46374 46377
46377 643612
46375 46377
46376 46377
46374 46378
46378 643612
46375 46378
46376 46378
46377 46378
63198 276308
63198 278966
272974 492850
36134 288951
36134 273413
214190 278802
91493 96185
96185 279280
96185 224259
91493 224259
224259 279280
45578 96185
45578 91493
45578 279280
45578 224259
85425 216227
214397 216227
160767 216227
160767 214397
276540 491295
21125 272001
272001 1283110
21125 1283110
272001 1283111
21125 1283111
1283110 1283111
25598 272001
21125 25598
25598 1283110
25598 1283111
21125 387868
387868 1283110
387868 1283111
25598 387868
254672 1283112
21679 117634
117634 1200939
21679 1200939
117634 1283115
21679 1283115
1200939 1283115
117634 491901
21679 491901
491901 1200939
491901 1283115
117634 213932
21679 213932
213932 1200939
213932 1283115
278028 493344
278028 1283116
493344 1283116
159937 278028
159937 493344
159937 1283116
278029 493344
278029 1283116
159937 278029
31137 493344
31137 1283116
48566 427153
224259 492786
78891 588432
78891 876758
588432 876758
78891 1172091
588432 1172091
876758 1172091
166042 588432
166042 876758
166042 1172091
153624 588432
153624 876758
153624 1172091
85157 643467
44743 85157
44743 643467
85157 1281435
643467 1281435
44743 1281435
85157 380308
380308 643467
44743 380308
380308 1281435
85157 740339
643467 740339
44743 740339
740339 1281435
380308 740339
46386 47544
47544 491334
20195 47544
20195 46386
20195 491334
47544 195655
46386 195655
195655 491334
20195 195655
47544 73224
20195 73224
73224 195655
142861 491872
491872 493201
142861 493201
2034 491872
2034 142861
2034 493201
224250 491872
142861 224250
224250 493201
2034 224250
491872 491873
142861 491873
491873 493201
2034 491873
224250 491873
64878 839012
254400 839012
37108 493344
68 493344
68 278028
68 37108
491196 493344
278028 491196
68 491196
153166 160391
16376 160391
1780 153166
1780 160391
1780 16376
91396 160391
1780 91396
153166 285070
160391 285070
16376 285070
1780 285070
91396 285070
252079 947620
252079 1283149
947620 1283149
252079 303058
303058 947620
303058 1283149
250828 947620
250828 1283149
250828 303058
251369 252079
251369 947620
251369 1283149
251369 303058
250828 251369
102530 153870
102530 160767
153870 160767
102530 1283150
153870 1283150
160767 1283150
26687 102530
26687 153870
26687 160767
26687 1283150
29367 102530
29367 153870
29367 160767
29367 1283150
26687 29367
278802 491439
215959 272194
43649 162195
43649 214782
162195 214782
104405 165805
165805 465982
104405 465982
104406 165805
104405 104406
104406 465982
165805 165806
104405 165806
165806 465982
104406 165806
28721 165805
28721 104405
28721 465982
28721 104406
28721 165806
272648 492708
68 215959
91154 215959
91396 215959
85425 270644
31137 270644
214534 270644
32011 161706
161706 274762
59658 161706
59658 274762
102047 161706
32011 102047
102047 274762
59658 102047
161706 214723
32011 214723
214723 274762
59658 214723
102047 214723
44711 159678
44710 159678
44711 270001
44710 270001
159678 270001
44711 271844
44710 271844
159678 271844
270001 271844
44646 159678
44646 270001
44646 271844
274868 388488
72468 493201
72468 142861
59658 271004
126741 273413
126741 254100
254100 273413
387868 491778
189495 387868
28526 387868
168687 387868
252024 276887
252024 275008
275008 276887
252024 327548
276887 327548
275008 327548
252024 464490
276887 464490
275008 464490
327548 464490
252024 492196
275008 492196
327548 492196
464490 492196
269932 276507
216227 276507
216227 269932
85425 215498
215498 269932
215498 491080
269932 491080
85425 215497
215497 215498
215497 269932
272184 279075
213932 279075
37090 279075
213989 272184
37090 213989
213989 279075
33105 272184
33105 213932
33105 37090
33105 279075
33105 213989
491190 612724
270913 274867
44975 274867
270913 274868
44975 274868
274867 274868
270913 1282482
44975 1282482
274867 1282482
274868 1282482
236314 274868
236314 1282482
45548 1201492
197701 1201492
214800 276136
214798 276136
214798 214800
24299 276136
24299 214800
24299 214798
276136 276137
214800 276137
214798 276137
24299 276137
214797 276136
214797 214800
214797 214798
24299 214797
214797 276137
254672 279633
13097 279633
13097 254672
270969 279633
13097 270969
68 279633
271200 279633
68 271200
241262 279633
68 241262
214397 241262
91493 273399
44931 217756
44897 314625
254100 277372
126702 495693
492337 495693
126702 492337
494495 495693
126702 494495
492337 494495
427153 495693
126702 427153
427153 492337
427153 494495
17964 495693
17964 126702
17964 492337
17964 494495
79943 272017
276507 492786
26457 328289
328289 1283209
26457 1283209
28507 328289
26457 28507
28507 1283209
328289 1283210
26457 1283210
1283209 1283210
28507 1283210
102185 328289
26457 102185
102185 1283209
28507 102185
102185 1283210
58135 217727
273508 493553
273508 491146
275174 493553
275174 491146
273508 275174
271587 493553
271587 491146
271587 275174
242848 493553
242848 273508
242848 275174
242848 271587
272194 314625
166685 271856
164051 166685
12596 270859
270859 273693
12596 273693
74217 270859
74217 273693
256081 270859
12596 256081
256081 273693
74217 256081
12368 270859
12368 12596
12368 273693
12368 74217
12368 256081
496001 1283243
269932 1283243
269932 496001
274762 1283243
274762 496001
269932 274762
85425 1283243
85425 496001
85425 274762
118067 1283243
118067 496001
85425 118067
378835 839012
254612 271295
18245 254612
46206 271589
217605 271589
46008 217605
45777 271589
45777 46008
45777 46206
45777 217605
279075 1201492
197701 279075
16202 146188
822 91153
822 166685
91153 166685
822 811295
91153 811295
166685 811295
822 1283250
91153 1283250
166685 1283250
811295 1283250
36134 91153
36134 166685
36134 811295
36134 1283250
46086 491148
46206 491148
68 160767
44784 493178
44972 493178
44784 44972
217694 493178
44784 217694
44972 217694
44764 493178
44764 44972
44771 493178
44771 44972
44812 159562
79943 795959
79943 214634
271640 1283254
13091 271640
13091 1283254
20137 271640
20137 1283254
13091 20137
58764 271640
58764 1283254
13091 58764
20137 58764
215755 271640
215755 1283254
13091 215755
20137 215755
58764 215755
492810 1283256
500077 1283256
492810 500077
743758 1283256
492810 743758
500077 743758
491146 1283256
491146 500077
491146 743758
174553 1283256
174553 492810
174553 500077
174553 491146
400552 492011
217684 491190
276495 491080
279281 436846
270913 279281
44630 46376
44897 217579
217579 217580
44897 217580
130176 272648
146188 254672
146188 279633
271999 830459
271769 323317
275652 323317
202016 323317
213929 323317
152508 323317
72426 157440
525171 1279880
525170 525171
525170 1279880
525171 1283280
1279880 1283280
525170 1283280
1279880 1281686
525170 1281686
1281686 1283280
328395 525170
328395 1283280
44724 46008
52894 161725
52894 91396
46087 145278
213932 215812
215811 215812
213932 215811
215812 1145818
213932 1145818
215811 1145818
164709 215812
164709 213932
164709 215811
164709 1145818
215812 1145817
213932 1145817
215811 1145817
1145817 1145818
164709 1145817
12596 213932
46131 399900
46131 636477
305212 399900
305212 636477
46131 1173681
305212 1173681
399900 491338
46131 491338
491338 636477
305212 491338
491338 1173681
18245 276744
45040 302051
279280 302051
45040 279280
44719 302051
44719 45040
44719 279280
9372 302051
9372 45040
9372 279280
9372 44719
2133 302051
2133 45040
2133 279280
2133 44719
2133 9372
233122 1261450
21844 233122
21844 1261450
46760 233122
46760 1261450
21844 46760
233122 253476
253476 1261450
21844 253476
46760 253476
81006 233122
81006 1261450
21844 81006
46760 81006
81006 253476
111238 153077
25763 153077
22416 275652
22416 202016
22416 152508
45040 91271
160290 217580
197701 491190
12677 491190
274867 491600
197701 274867
274867 491826
274867 491190
12677 274867
214160 272184
494603 1257454
491190 1257454
493492 494603
491190 493492
493492 1257454
491600 1257454
491600 493492
491826 494603
491826 1257454
491826 493492
217663 272748
217551 272748
45637 272748
217663 1104008
217551 1104008
45637 1104008
272748 1104008
217663 1281824
217551 1281824
45637 1281824
272748 1281824
1104008 1281824
45946 152924
124725 152924
492561 927649
492561 1283360
927649 1283360
160290 492561
160290 927649
160290 1283360
314625 492561
314625 927649
314625 1283360
160290 314625
254400 927649
254400 1283360
160290 254400
155124 261940
155942 261940
155124 155942
99319 261940
99319 155124
99319 155942
261940 262161
155124 262161
155942 262161
99319 262161
218974 261940
155124 218974
155942 218974
99319 218974
218974 262161
45032 491512
45032 166042
166042 491512
213932 214397
111918 214190
111918 272060
79943 111918
79943 272060
111918 270709
79943 270709
111918 189743
189743 272060
189743 270709
153077 270912
214847 492051
214847 379008
214847 270657
270657 492051
270657 379008
69202 214847
69202 492051
69202 379008
69202 270657
214847 254436
254436 270657
69202 254436
44646 145637
400552 491960
822 277190
822 161201
161201 277190
277190 1199409
161201 1199409
159754 277190
159754 161201
277190 833211
161201 833211
833211 1199409
159754 833211
254672 1146115
1146115 1283112
493927 1146115
493927 1283112
494557 1146115
494557 1283112
21827 1146115
21827 1283112
21827 493927
145278 236314
28526 160741
215363 491439
215363 278802
491439 1283418
278802 1283418
215363 1283418
77677 491439
77677 278802
77677 215363
77677 1283418
34983 491439
34983 278802
34983 215363
34983 1283418
34983 77677
57640 1283419
57640 1283420
1283419 1283420
57640 1283421
1283419 1283421
1283420 1283421
542 57640
542 1283419
542 1283420
542 1283421
57640 1283422
1283419 1283422
1283420 1283422
1283421 1283422
542 1283422
274964 321009
57640 378835
68 37090
275123 1281351
32597 213932
32597 272184
32597 214160
32597 177384
177384 272184
32597 279149
213932 279149
272184 279149
214160 279149
177384 279149
254400 254612
215597 491687
273316 492193
492193 492864
160688 275665
160810 275665
160688 160810
120608 241358
241358 830480
120608 830480
37090 241358
37090 120608
37090 830480
241358 276133
120608 276133
276133 830480
37090 276133
213932 241358
120608 213932
213932 276133
121107 271856
121107 276744
127449 271856
127449 276744
121107 127449
160688 165892
278802 279092
79943 278802
22416 279092
22416 278802
130176 279092
130176 278802
454124 1175969
1175969 1283451
454124 1283451
217654 1175969
217654 454124
217654 1283451
171664 1175969
171664 454124
171664 1283451
171664 217654
200594 1175969
200594 454124
200594 1283451
171664 200594
270913 326124
270913 491923
59568 165892
153166 276887
276887 276936
88230 153166
153166 253051
253051 276936
88230 253051
88230 91396
91396 253051
217640 492185
233377 494463
91336 91396
91336 91397
160034 328309
160034 378597
270657 279108
275509 314625
153166 389116
152548 153166
217756 492736
254503 314625
152508 214870
142036 832929
142036 160767
164051 832929
160767 164051
46008 91493
9372 273415
273415 491935
9372 491935
273415 1136932
9372 1136932
491935 1136932
43974 45548
160767 489179
152548 276540
152548 254672
27956 152548
491414 1200850
244806 491414
244806 1200850
485465 491414
485465 1200850
244806 485465
45111 491414
45111 1200850
45111 244806
45111 485465
21827 1200850
21827 244806
21827 485465
21827 45111
146109 272692
91336 254100
58826 379008
399830 1283512
399830 1283513
1283512 1283513
339731 399830
339731 1283512
339731 1283513
399830 1283514
1283512 1283514
1283513 1283514
339731 1283514
399830 1283515
1283512 1283515
1283513 1283515
339731 1283515
1283514 1283515
46086 270486
270486 491581
46086 491581
130568 270486
46086 130568
130568 491581
46086 1282090
491581 1282090
130568 1282090
270486 491379
46086 491379
491379 491581
130568 491379
491379 1282090
145278 250448
145278 250449
157440 250448
157440 250449
145278 157440
49096 181550
62957 181550
181550 1126933
181550 494759
145637 181550
272372 491825
272372 834521
491825 834521
45692 217684
45637 270911
45637 91396
270666 447518
822 270666
822 491825
822 491635
96185 275174
47902 161637
47902 164475
395961 493492
427154 1201492
197701 427154
272317 1201492
197701 272317
272317 427154
427154 491190
272317 491190
427154 491600
272317 491600
109036 271004
59658 109036
24907 109036
24907 271004
48572 109036
48572 271004
48572 59658
24907 48572
398734 843106
398734 1282040
373579 398734
843106 1283552
1282040 1283552
398734 1283552
373579 1283552
398734 491960
491960 1283552
91397 270969
271022 491971
160034 491971
317406 491971
46008 271022
46008 160034
46008 491971
317405 491971
493924 1200318
1200318 1200319
493924 1200319
33136 1200318
33136 493924
33136 1200319
492786 1200318
492786 493924
492786 1200319
33136 492786
12596 1200318
12596 493924
12596 1200319
12596 33136
43297 165892
43297 59568
822 165892
822 59568
190378 213932
37090 279149
217663 271577
217663 217746
44661 44788
44661 44662
44622 44661
44622 44662
44661 228327
44788 228327
44662 228327
44622 228327
44630 44661
44630 228327
126741 274868
215959 274868
44639 46376
44636 46376
49093 493948
91397 493948
49093 91397
492276 493948
49093 492276
91397 492276
493948 831605
49093 831605
91397 831605
492276 831605
481084 493948
49093 481084
91397 481084
481084 492276
481084 831605
697230 697232
697232 1283612
697230 1283612
53201 697232
53201 697230
53201 1283612
463957 697230
463957 1283612
53201 463957
64318 697230
64318 1283612
45157 493179
270711 493179
45157 270711
44784 493179
44784 45157
44784 270711
44764 493179
44764 45157
44764 270711
44771 493179
44771 45157
44771 270711
242848 270912
242848 272648
270912 272648
45946 1283614
270911 1283614
270911 277681
277681 1283614
45946 275809
270911 275809
275809 1283614
275809 277681
270911 491793
491793 1283614
277681 491793
275809 491793
161725 278966
491935 1283619
273415 1283619
9372 1283619
1136932 1283619
491935 495972
273415 495972
9372 495972
495972 1136932
495972 1283619
227131 227513
19422 227131
19422 227513
227131 493279
227513 493279
19422 493279
19424 227131
19424 227513
19422 19424
19424 493279
120513 227131
120513 227513
19422 120513
120513 493279
19424 120513
153928 161725
276507 321875
160767 276507
164737 321875
164737 276507
160767 164737
68 321875
68 276507
68 164737
191008 254857
191008 254612
88230 146188
153166 270969
88230 270969
491191 677670
37108 491191
37108 677670
31137 677670
214397 491191
214397 677670
411120 677670
37108 411120
214397 411120
86045 273532
48566 236314
154355 830246
48572 161950
161950 271004
109036 161950
44975 270911
270911 270913
542 270911
72468 271587
275652 279092
400660 1092859
518503 1092859
400660 518503
1092859 1283672
400660 1283672
518503 1283672
400661 1092859
400660 400661
400661 518503
400661 1283672
2253 1092859
2253 400660
2253 518503
2253 1283672
2253 400661
270666 491793
2134 643614
276308 643614
328395 643614
278079 643614
2134 278079
278079 328395
293491 643614
278079 293491
64878 254100
68 64878
44724 45506
44866 73317
44866 1283684
73317 1283684
44866 1283685
73317 1283685
1283684 1283685
44866 1283686
73317 1283686
1283684 1283686
1283685 1283686
44866 464664
73317 464664
464664 1283684
464664 1283685
464664 1283686
152548 215363
44976 127449
44975 127449
44976 236313
44820 217636
44630 217636
214797 217636
44820 214797
44630 214797
217636 1283688
44820 1283688
44630 1283688
214797 1283688
44695 217636
44695 44820
44630 44695
44695 214797
44695 1283688
214169 272680
1824 214169
1824 272680
214169 1104567
272680 1104567
1824 1104567
542 214169
542 272680
542 1824
542 1104567
214169 254400
1824 254400
254400 1104567
215825 271200
161725 254100
46086 275174
270486 275174
43297 288740
43297 63198
271999 491254
491254 830459
270607 491254
270607 271999
270607 830459
100538 491254
100538 271999
100538 830459
47902 273414
35017 1282390
32675 1282390
1281672 1281797
1148669 1281797
1148669 1281672
33783 1281797
33783 1281672
33783 1148669
28526 1281797
28526 1148669
28526 33783
400552 1281797
400552 1281672
400552 1148669
33783 400552
63198 290394
290394 319292
63198 319292
290394 1050662
63198 1050662
319292 1050662
290394 1283707
63198 1283707
319292 1283707
1050662 1283707
290394 496004
63198 496004
319292 496004
496004 1050662
496004 1283707
279253 1283708
279253 321009
321009 1283708
279253 368613
368613 1283708
321009 368613
164561 279253
164561 1283708
164561 321009
164561 368613
274964 279253
274964 1283708
164561 274964
72531 217663
72531 351712
72531 323534
323534 351712
72531 491194
351712 491194
323534 491194
54210 72531
54210 351712
54210 323534
54210 491194
72531 278802
278802 351712
278802 491194
54210 278802
1283732 1283733
1283732 1283734
1283733 1283734
45946 1283732
45946 1283733
45946 1283734
277372 1283732
277372 1283733
277372 1283734
45946 277372
314625 1283732
314625 1283733
314625 1283734
45946 314625
277372 314625
214534 215498
214534 215497
18245 378835
90867 888590
770450 888590
90867 770450
1986 888590
1986 90867
1986 770450
43974 888590
43974 90867
43974 770450
1986 43974
888590 1283738
90867 1283738
770450 1283738
1986 1283738
43974 1283738
270509 834521
270509 491635
18510 217694
18510 43999
18510 45220
45013 217694
43999 45013
45013 45220
44658 217694
43999 44658
44658 45220
254100 830549
231446 830549
64878 830549
64878 231446
68 830549
273413 830549
231446 273413
64878 273413
68 273413
157991 1281886
157991 495822
495822 1281886
157991 296021
296021 1281886
296021 495822
130581 157991
130581 1281886
130581 495822
130581 296021
157991 277442
277442 1281886
277442 495822
277442 296021
130581 277442
68 57636
68 57596
57596 57636
68 160290
57636 160290
57596 160290
68 278829
57636 278829
57596 278829
160290 278829
57636 254100
57596 254100
160290 254100
254100 278829
164475 270666
197701 217605
197701 271589
45777 197701
46008 197701
197701 273946
217605 273946
271589 273946
45777 273946
46008 273946
28526 72468
217579 271171
44897 271171
271169 271171
217579 271169
44897 271169
217580 271171
217580 271169
43787 217579
43787 44897
43787 217580
214685 214686
57030 58826
44724 847898
44646 491513
44646 491512
493178 1283778
44645 493178
44645 1283778
217694 1283778
44764 1283778
44771 1283778
79943 164710
59568 164710
164710 493004
79943 493004
59568 493004
79943 176714
59568 176714
176714 493004
79943 164709
59568 164709
164709 493004
1281757 1283618
275123 1281757
275123 1283618
72468 1283618
72468 275123
72457 1281757
72457 1283618
72457 275123
72457 72468
16202 1281757
16202 1283618
16202 275123
16202 72457
44788 824602
44788 714870
714870 824602
44622 824602
44622 714870
15350 44788
15350 824602
15350 714870
15350 44622
44630 824602
44630 714870
15350 44630
491077 1283791
271589 1283791
491148 1283791
271589 491148
491077 1283792
1283791 1283792
271589 1283792
491148 1283792
38029 491077
38029 1283791
38029 271589
38029 491148
38029 1283792
45548 1283798
45032 1283798
45032 45548
493935 1283798
45548 493935
45032 493935
491513 1283798
45548 491513
45032 491513
491513 493935
491512 1283798
45548 491512
491512 493935
263893 493406
493353 493406
263893 493353
492185 493406
263893 492185
492185 493353
492011 493406
263893 492011
492011 493353
492011 492185
217640 493406
217640 263893
217640 493353
217640 492011
165892 270666
37090 224259
493026 1283804
491381 493026
491381 1283804
493026 493027
493027 1283804
491381 493027
493026 493028
493028 1283804
491381 493028
493027 493028
491380 493026
491380 1283804
491380 491381
491380 493027
491380 493028
216607 271004
59658 216607
217645 1282807
217645 1282639
1282639 1282807
217645 300778
300778 1282807
300778 1282639
491793 1282807
491793 1282639
300778 491793
217613 217645
217613 1282807
217613 1282639
217613 300778
217613 491793
496010 835233
2134 835233
276308 835233
278079 835233
278079 496010
278966 835233
278079 278966
37108 215825
491194 491439
44975 395961
44724 45946
45946 46008
45946 162195
44724 162195
46008 162195
91397 91493
91396 91493
270485 270486
72468 811023
217710 1283832
109048 217710
109048 1283832
217710 1283833
1283832 1283833
109048 1283833
217710 643662
643662 1283832
109048 643662
643662 1283833
44900 217710
44900 1283832
44900 109048
44900 1283833
44900 643662
64308 273108
273108 274262
64308 274262
153928 273108
64308 153928
58135 64308
58135 274262
58135 153928
64308 162093
162093 274262
153928 162093
44897 58826
270031 275671
254672 270031
274452 1281428
495821 1281428
274452 495821
277442 1281428
274452 277442
277442 495821
491335 1281428
274452 491335
491335 495821
277442 491335
251846 1281428
251846 274452
251846 495821
251846 277442
251846 491335
274526 275024
274526 275022
13473 214683
13473 214686
214683 214686
13473 214685
214683 214685
13473 80899
80899 214683
80899 214686
80899 214685
13473 275130
214683 275130
214686 275130
214685 275130
80899 275130
28526 279219
276308 491635
91271 276308
91271 491635
6819 1283843
6819 1283844
1283843 1283844
271238 1283843
271238 1283844
6819 320703
320703 1283843
320703 1283844
271238 320703
6819 1283845
1283843 1283845
1283844 1283845
271238 1283845
320703 1283845
43649 275500
43649 85425
214782 275665
57030 57636
822 117701
117701 277190
64878 612724
46087 86014
209065 492208
209065 492207
381374 492208
381374 492207
209065 381374
381373 492208
381373 492207
209065 381373
381373 381374
209065 217685
217685 381374
217685 381373
64878 278245
491190 491607
153928 491607
87382 491254
111238 491254
87382 111238
491254 1283876
87382 1283876
111238 1283876
491254 1283877
87382 1283877
111238 1283877
1283876 1283877
25763 491254
25763 87382
25763 1283876
25763 1283877
45157 494857
44764 494857
44771 494857
279281 318361
272317 279281
272317 318361
161908 279281
161908 318361
161908 272317
279281 491600
318361 491600
161908 491600
279281 491190
318361 491190
